desc: I1 cache:         32768 B, 64 B, 4-way associative
desc: D1 cache:         32768 B, 64 B, 8-way associative
desc: LL cache:         8388608 B, 64 B, 16-way associative
cmd: tests/bstree_tests
events: Ir I1mr ILmr Dr D1mr DLmr Dw D1mw DLmw 
fl=/build/buildd/eglibc-2.15/csu/../sysdeps/generic/dl-hash.h
fn=_init
44 1 0 0 0 0 0 0 0 0
45 1 0 0 0 0 0 0 0 0
46 13 0 0 4 0 0 0 0 0
49 16 0 0 0 0 0 0 0 0
50 8 0 0 0 0 0 0 0 0
63 8 0 0 0 0 0 0 0 0
68 1 0 0 0 0 0 0 0 0
fl=/build/buildd/eglibc-2.15/csu/../sysdeps/unix/sysv/linux/x86_64/../init-first.c
fn=_init
53 7 1 1 0 0 0 3 0 0
59 4 0 0 1 1 0 1 0 0
68 5 1 1 4 0 0 0 0 0
74 1 0 0 0 0 0 1 0 0
75 1 0 0 0 0 0 1 0 0
76 2 1 1 1 1 0 1 1 1
90 4 0 0 0 0 0 1 0 0
98 1 0 0 0 0 0 1 0 0
103 5 0 0 4 0 0 0 0 0
fl=/build/buildd/eglibc-2.15/csu/../sysdeps/unix/sysv/linux/x86_64/init-first.c
fn=_init
38 7 2 2 0 0 0 4 0 0
40 3 0 0 0 0 0 1 0 0
42 2 0 0 1 1 0 0 0 0
43 2 1 1 1 0 0 0 0 0
44 1 0 0 0 0 0 1 1 0
46 3 0 0 0 0 0 1 0 0
50 3 0 0 0 0 0 0 0 0
51 2 0 0 1 0 0 0 0 0
52 1 0 0 0 0 0 1 1 1
fl=/build/buildd/eglibc-2.15/csu/../sysdeps/x86_64/multiarch/init-arch.c
fn=__init_cpu_features
32 14 0 0 0 0 0 8 0 0
38 6 0 0 0 0 0 0 0 0
39 6 0 0 0 0 0 0 0 0
45 2 0 0 0 0 0 2 0 0
53 6 2 2 0 0 0 2 0 0
56 12 0 0 0 0 0 0 0 0
58 2 0 0 0 0 0 0 0 0
65 8 4 4 2 1 1 2 0 0
69 6 0 0 0 0 0 0 0 0
70 4 0 0 0 0 0 0 0 0
75 4 0 0 0 0 0 0 0 0
77 2 0 0 0 0 0 0 0 0
78 2 2 2 0 0 0 0 0 0
79 16 2 2 0 0 0 0 0 0
112 6 0 0 0 0 0 2 0 0
116 2 0 0 0 0 0 0 0 0
148 4 2 2 0 0 0 0 0 0
169 2 0 0 0 0 0 2 0 0
170 2 0 0 0 0 0 2 0 0
172 2 0 0 0 0 0 2 0 0
173 4 0 0 4 0 0 0 0 0
fl=/build/buildd/eglibc-2.15/csu/libc-start.c
fn=(below main)
96 10 1 1 0 0 0 8 0 0
106 7 1 1 2 0 0 1 0 0
158 2 1 1 0 0 0 0 0 0
159 4 0 0 0 0 0 1 0 0
181 4 0 0 2 0 0 0 0 0
184 2 0 0 0 0 0 0 0 0
185 5 0 0 4 0 0 1 0 0
189 4 1 1 2 0 0 0 0 0
204 2 0 0 0 0 0 0 0 0
213 2 0 0 0 0 0 1 0 0
214 2 0 0 0 0 0 0 0 0
219 2 0 0 1 1 0 1 0 0
220 2 0 0 1 1 0 1 0 0
223 2 0 0 0 0 0 1 0 0
226 5 0 0 5 0 0 1 0 0
fl=/build/buildd/eglibc-2.15/ctype/ctype-info.c
fn=__ctype_init
33 7 2 2 5 2 0 1 0 0
35 4 0 0 2 1 0 1 0 0
37 4 0 0 2 1 0 1 0 0
38 1 1 1 1 0 0 0 0 0
fl=/build/buildd/eglibc-2.15/debug/../libio/libioP.h
fn=__fprintf_chk
993 24 0 0 0 0 0 12 0 0
994 36 0 0 12 0 0 0 0 0
995 132 1 1 48 0 0 24 0 0
fn=__printf_chk
993 2 0 0 2 0 0 0 0 0
994 6 1 1 2 0 0 0 0 0
995 22 0 0 8 0 0 4 0 0
fl=/build/buildd/eglibc-2.15/debug/fprintf_chk.c
fn=__fprintf_chk
28 132 2 2 0 0 0 60 0 0
32 180 2 2 96 6 2 12 0 0
33 24 0 0 0 0 0 0 0 0
34 12 0 0 12 1 0 0 0 0
36 72 1 1 0 0 0 48 0 0
37 60 0 0 0 0 0 12 0 0
40 24 0 0 0 0 0 0 0 0
41 36 0 0 12 0 0 12 0 0
45 60 0 0 36 0 0 0 0 0
fl=/build/buildd/eglibc-2.15/debug/printf_chk.c
fn=__printf_chk
28 24 2 2 0 0 0 14 0 0
32 34 2 2 20 0 0 2 0 0
33 4 0 0 0 0 0 0 0 0
34 4 0 0 4 0 0 0 0 0
36 12 1 1 0 0 0 8 0 0
37 10 0 0 2 0 0 2 0 0
40 4 0 0 0 0 0 0 0 0
41 4 0 0 4 0 0 0 0 0
45 12 1 1 8 0 0 0 0 0
fl=/build/buildd/eglibc-2.15/debug/vsnprintf_chk.c
fn=__vsnprintf_chk
33 2200 2 2 0 0 0 1200 0 0
38 400 0 0 0 0 0 0 0 0
44 200 0 0 0 0 0 200 0 0
49 800 0 0 0 0 0 0 0 0
55 1200 0 0 0 0 0 200 0 0
56 400 1 1 0 0 0 200 0 0
57 200 0 0 0 0 0 200 0 0
61 400 0 0 0 0 0 0 0 0
62 200 0 0 200 0 0 0 0 0
64 1000 0 0 0 0 0 200 0 0
65 800 0 0 0 0 0 200 0 0
67 600 1 1 200 0 0 0 0 0
68 400 0 0 200 0 0 200 0 0
70 1600 0 0 1400 0 0 0 0 0
fl=/build/buildd/eglibc-2.15/elf/../elf/dl-runtime.c
fn=_dl_fixup
74 96 1 1 0 0 0 64 1 1
76 16 0 0 16 0 0 0 0 0
77 32 0 0 32 2 0 0 0 0
80 80 0 0 32 4 0 0 0 0
81 112 1 1 32 9 0 16 0 0
82 32 0 0 32 1 0 0 0 0
87 32 0 0 0 0 0 0 0 0
91 48 0 0 16 11 8 0 0 0
93 16 0 0 0 0 0 0 0 0
95 48 0 0 16 3 0 0 0 0
99 30 0 0 30 4 0 0 0 0
100 60 1 1 15 1 0 0 0 0
102 45 0 0 15 3 0 0 0 0
108 16 0 0 0 0 0 0 0 0
109 48 0 0 16 0 0 0 0 0
116 32 1 1 16 2 0 16 0 0
119 160 0 0 32 3 0 48 1 1
123 48 1 1 16 0 0 0 0 0
127 64 0 0 16 0 0 16 0 0
133 112 0 0 32 0 0 0 0 0
141 16 0 0 16 0 0 0 0 0
149 64 0 0 16 0 0 0 0 0
153 48 1 1 16 1 0 0 0 0
157 96 0 0 80 0 0 0 0 0
fl=/build/buildd/eglibc-2.15/elf/../elf/dl-sysdep.c
fn=_dl_important_hwcaps
352 3 0 0 1 0 0 0 0 0
354 12 2 2 0 0 0 10 1 1
356 1 0 0 1 0 0 0 0 0
357 3 0 0 0 0 0 0 0 0
366 2 0 0 1 0 0 0 0 0
374 1 0 0 0 0 0 0 0 0
375 1 0 0 0 0 0 0 0 0
376 4 1 1 1 0 0 1 0 0
418 2 1 1 0 0 0 1 0 0
420 9 2 2 2 0 0 3 0 0
435 6 1 1 0 0 0 0 0 0
436 2 0 0 0 0 0 0 0 0
438 2 0 0 0 0 0 0 0 0
448 2 1 1 0 0 0 0 0 0
465 2 1 1 0 0 0 0 0 0
473 2 1 1 1 0 0 0 0 0
475 3 0 0 1 0 0 1 1 1
476 5 0 0 1 0 0 1 0 0
480 3 1 1 0 0 0 1 0 0
481 1 0 0 0 0 0 1 0 0
484 2 0 0 1 0 0 0 0 0
487 2 0 0 1 0 0 0 0 0
488 4 0 0 1 0 0 1 0 0
491 6 0 0 2 0 0 0 0 0
492 2 1 1 1 0 0 0 0 0
510 10 0 0 2 0 0 4 1 1
511 5 0 0 0 0 0 1 0 0
512 2 0 0 0 0 0 0 0 0
519 2 1 1 1 0 0 0 0 0
541 3 0 0 0 0 0 2 0 0
544 2 0 0 1 0 0 0 0 0
546 5 1 1 2 0 0 2 0 0
547 8 0 0 3 0 0 4 0 0
567 1 0 0 0 0 0 0 0 0
572 23 1 1 1 0 0 0 0 0
573 4 1 1 0 0 0 4 0 0
577 10 0 0 1 0 0 0 0 0
580 28 1 1 0 0 0 0 0 0
581 24 0 0 0 0 0 0 0 0
582 14 0 0 9 0 0 0 0 0
584 4 1 1 0 0 0 0 0 0
587 3 0 0 1 0 0 0 0 0
588 1 0 0 0 0 0 0 0 0
589 7 1 1 2 0 0 0 0 0
602 10 1 1 2 0 0 2 0 0
603 2 0 0 0 0 0 0 0 0
605 4 0 0 0 0 0 0 0 0
608 3 0 0 2 0 0 1 0 0
610 1 0 0 0 0 0 0 0 0
611 9 0 0 7 0 0 0 0 0
fn=_dl_sysdep_start
86 36 0 0 0 0 0 0 0 0
89 8 1 1 0 0 0 7 1 1
90 1 0 0 0 0 0 1 0 0
91 1 0 0 0 0 0 0 0 0
113 1 0 0 0 0 0 1 0 0
114 132 2 2 42 6 6 4 1 1
117 2 0 0 0 0 0 1 0 0
118 1 0 0 0 0 0 1 0 0
120 95 4 4 26 5 5 9 0 0
121 103 0 0 16 2 2 0 0 0
124 3 0 0 1 0 0 1 0 0
127 1 0 0 1 0 0 0 0 0
128 1 0 0 0 0 0 0 0 0
130 1 1 1 1 0 0 0 0 0
131 1 0 0 0 0 0 0 0 0
133 1 0 0 1 0 0 0 0 0
134 1 0 0 0 0 0 0 0 0
154 1 1 1 1 0 0 0 0 0
155 1 0 0 0 0 0 0 0 0
157 1 0 0 1 0 0 0 0 0
158 1 0 0 0 0 0 0 0 0
160 1 1 1 1 0 0 0 0 0
161 1 0 0 0 0 0 0 0 0
163 1 0 0 1 0 0 0 0 0
164 1 0 0 0 0 0 0 0 0
179 1 0 0 1 0 0 0 0 0
180 1 0 0 0 0 0 0 0 0
227 3 0 0 0 0 0 2 0 0
229 5 0 0 0 0 0 1 0 0
241 3 1 1 1 0 0 0 0 0
244 5 0 0 3 0 0 1 0 0
246 9 1 0 8 1 0 0 0 0
fn=_dl_sysdep_start_cleanup
252 1 1 1 1 0 0 0 0 0
fl=/build/buildd/eglibc-2.15/elf/../misc/sbrk.c
fn=sbrk
35 4 1 1 0 0 0 2 0 0
43 6 0 0 2 1 1 0 0 0
47 2 0 0 0 0 0 0 0 0
58 5 1 1 3 0 0 0 0 0
fl=/build/buildd/eglibc-2.15/elf/../sysdeps/unix/sysv/linux/dl-osinfo.h
fn=security_init
74 2 0 0 0 0 0 0 0 0
97 1 0 0 1 0 0 0 0 0
99 2 0 0 0 0 0 1 0 0
114 2 0 0 0 0 0 0 0 0
125 1 0 0 1 0 0 0 0 0
fl=/build/buildd/eglibc-2.15/elf/../sysdeps/unix/sysv/linux/dl-sysdep.c
fn=_dl_discover_osversion
67 7 1 1 0 0 0 6 0 0
69 4 1 1 1 0 0 1 1 1
109 4 1 1 0 0 0 1 0 0
124 1 0 0 0 0 0 0 0 0
128 1 0 0 0 0 0 0 0 0
129 1 0 0 0 0 0 0 0 0
131 12 0 0 3 1 1 0 0 0
133 9 0 0 0 0 0 0 0 0
135 12 0 0 3 0 0 0 0 0
141 3 0 0 0 0 0 0 0 0
142 3 1 1 0 0 0 0 0 0
143 3 0 0 0 0 0 0 0 0
145 13 0 0 0 0 0 0 0 0
150 2 0 0 0 0 0 0 0 0
154 9 1 1 7 0 0 0 0 0
fn=_dl_sysdep_start
36 2 0 0 0 0 0 1 0 0
fl=/build/buildd/eglibc-2.15/elf/../sysdeps/unix/sysv/linux/dl-vdso.c
fn=_dl_vdso_vsym
27 15 2 1 0 0 0 5 0 0
28 10 0 0 10 2 0 0 0 0
29 5 0 0 0 0 0 0 0 0
32 10 0 0 0 0 0 0 0 0
50 20 1 1 10 0 0 0 0 0
fl=/build/buildd/eglibc-2.15/elf/../sysdeps/unix/sysv/linux/x86_64/brk.c
fn=brk
29 1 1 1 0 0 0 0 0 0
32 6 1 1 0 0 0 1 1 1
34 2 0 0 0 0 0 0 0 0
40 1 0 0 0 0 0 0 0 0
41 1 0 0 1 0 0 0 0 0
fl=/build/buildd/eglibc-2.15/elf/../sysdeps/x86_64/dl-irel.h
fn=_dl_fixup
33 6 1 1 0 0 0 3 0 0
fl=/build/buildd/eglibc-2.15/elf/../sysdeps/x86_64/dl-machine.h
fn=_dl_fixup
234 16 0 0 0 0 0 16 0 0
fn=_dl_relocate_object
96 18 1 1 3 0 0 0 0 0
102 6 0 0 6 1 0 0 0 0
106 9 0 0 3 3 3 0 0 0
111 3 0 0 0 0 0 3 0 0
119 9 0 0 3 0 0 0 0 0
132 6 0 0 0 0 0 3 0 0
135 21 1 1 4 4 1 0 0 0
268 218 1 1 0 0 0 0 0 0
286 218 0 0 0 0 0 0 0 0
293 4377 11 11 691 92 79 668 1 0
295 537 0 0 210 2 0 0 0 0
298 420 0 0 105 0 0 0 0 0
304 654 2 2 109 3 3 0 0 0
322 2 1 1 0 0 0 0 0 0
323 2 0 0 1 0 0 1 0 0
372 30 1 1 10 0 0 0 0 0
376 30 0 0 10 0 0 0 0 0
381 20 0 0 20 2 2 0 0 0
382 20 0 0 0 0 0 10 4 3
389 199 1 1 98 11 10 98 7 3
396 12 0 0 0 0 0 9 0 0
460 2396 0 0 1198 151 151 0 0 0
461 3594 1 1 1198 150 150 1198 234 232
470 82 0 0 41 0 0 0 0 0
474 72 0 0 0 0 0 0 0 0
476 108 0 0 36 1 0 0 0 0
477 36 0 0 36 5 5 0 0 0
494 10 0 0 10 0 0 0 0 0
496 5 0 0 0 0 0 5 0 0
497 5 0 0 0 0 0 5 1 1
fn=_dl_start
76 2 0 0 1 1 1 0 0 0
286 24 0 0 0 0 0 0 0 0
295 40 0 0 16 1 1 0 0 0
298 32 0 0 8 5 5 0 0 0
304 49 0 0 8 1 1 0 0 0
382 16 1 1 8 1 1 8 1 1
460 28 1 1 14 2 2 0 0 0
461 42 0 0 14 2 2 14 4 4
fn=_dl_sysdep_start
224 5 0 0 2 1 1 0 0 0
fl=/build/buildd/eglibc-2.15/elf/../sysdeps/x86_64/dl-trampoline.S
fn=_dl_runtime_resolve
31 16 1 1 0 0 0 0 0 0
33 16 0 0 0 0 0 16 0 0
34 16 0 0 0 0 0 16 0 0
35 16 0 0 0 0 0 16 0 0
36 16 0 0 0 0 0 16 0 0
37 16 0 0 0 0 0 16 0 0
38 16 0 0 0 0 0 16 0 0
39 16 0 0 0 0 0 16 0 0
40 16 0 0 16 0 0 0 0 0
41 16 0 0 16 0 0 0 0 0
42 16 0 0 0 0 0 16 0 0
43 16 0 0 0 0 0 0 0 0
44 16 0 0 16 0 0 0 0 0
45 16 1 1 16 0 0 0 0 0
46 16 0 0 16 0 0 0 0 0
47 16 0 0 16 0 0 0 0 0
48 16 0 0 16 0 0 0 0 0
49 16 0 0 16 0 0 0 0 0
50 16 0 0 16 0 0 0 0 0
51 16 0 0 0 0 0 0 0 0
53 16 0 0 0 0 0 0 0 0
fl=/build/buildd/eglibc-2.15/elf/dl-addr.c
fn=_dl_addr
31 2 1 1 1 0 0 1 0 0
32 1 0 0 0 0 0 1 0 0
35 2 0 0 1 0 0 0 0 0
39 1 0 0 1 0 0 0 0 0
40 1 1 1 1 0 0 0 0 0
41 3 0 0 2 0 0 1 0 0
43 3 0 0 2 0 0 1 0 0
46 2 0 0 1 1 0 0 0 0
51 2029 1 1 2 0 0 0 0 0
53 1011 0 0 1011 62 20 0 0 0
54 2022 0 0 0 0 0 0 0 0
56 4890 0 0 903 0 0 0 0 0
62 10905 1 1 2181 472 436 0 0 0
64 8724 0 0 2181 0 0 0 0 0
65 15883 0 0 4992 342 303 0 0 0
70 2181 0 0 0 0 0 0 0 0
72 9735 1 1 2181 133 77 0 0 0
100 2 1 1 1 1 0 0 0 0
101 2 0 0 1 0 0 1 1 0
102 2 0 0 1 0 0 0 0 0
105 2 0 0 0 0 0 0 0 0
117 1 1 1 0 0 0 1 0 0
118 1 0 0 0 0 0 1 0 0
127 11 1 1 0 0 0 8 0 0
129 1 0 0 0 0 0 0 0 0
132 3 1 1 2 0 0 1 0 0
135 5 0 0 1 0 0 0 0 0
136 10 1 1 3 0 0 0 0 0
137 15 1 1 6 0 0 0 0 0
138 2 0 0 1 0 0 0 0 0
141 2 0 0 0 0 0 0 0 0
146 2 0 0 1 1 0 1 0 0
149 9 0 0 7 1 0 0 0 0
fl=/build/buildd/eglibc-2.15/elf/dl-altinit.c
fn=dlinit_alt
33 3 1 1 2 0 0 0 0 0
34 1 0 0 1 0 0 0 0 0
fl=/build/buildd/eglibc-2.15/elf/dl-cache.c
fn=_dl_cache_libcmp
141 92 1 1 0 0 0 0 0 0
143 135 0 0 0 0 0 0 0 0
145 47 0 0 0 0 0 0 0 0
151 3 0 0 0 0 0 0 0 0
152 3 0 0 0 0 0 0 0 0
153 4 1 1 1 0 0 0 0 0
155 5 0 0 1 0 0 0 0 0
157 2 0 0 0 0 0 0 0 0
163 88 1 1 0 0 0 0 0 0
164 27 1 1 18 9 9 0 0 0
165 88 0 0 0 0 0 0 0 0
166 32 0 0 8 0 0 0 0 0
169 36 0 0 0 0 0 0 0 0
170 108 0 0 72 1 1 0 0 0
173 3 0 0 1 0 0 0 0 0
fn=_dl_load_cache_lookup
182 3 2 2 0 0 0 0 0 0
183 8 2 2 0 0 0 6 0 0
191 2 0 0 1 0 0 0 0 0
194 3 0 0 1 0 0 0 0 0
197 5 2 2 0 0 0 1 0 0
205 5 0 0 1 0 0 0 0 0
206 6 1 1 0 0 0 1 0 0
210 1 0 0 0 0 0 1 0 0
213 4 0 0 1 0 0 0 0 0
216 2 0 0 0 0 0 1 0 0
217 3 0 0 0 0 0 0 0 0
218 5 1 1 0 0 0 1 0 0
236 2 0 0 0 0 0 0 0 0
245 3 0 0 1 0 0 0 0 0
254 2 0 0 0 0 0 0 0 0
260 4 1 1 0 0 0 2 0 0
264 1 1 1 1 0 0 0 0 0
265 6 0 0 3 0 0 1 0 0
279 212 8 8 29 8 8 10 0 0
295 4 1 1 1 0 0 0 0 0
300 9 0 0 7 0 0 0 0 0
fn=_dl_unload_cache
309 1 0 0 0 0 0 0 0 0
310 4 0 0 1 1 0 0 0 0
312 2 0 0 1 0 0 1 0 0
313 1 0 0 0 0 0 1 0 0
315 2 0 0 1 0 0 0 0 0
fl=/build/buildd/eglibc-2.15/elf/dl-debug.c
fn=_dl_debug_initialize
52 8 2 1 0 0 0 0 0 0
53 4 0 0 4 0 0 0 0 0
57 18 2 1 3 1 0 0 0 0
60 1 0 0 0 0 0 1 0 0
61 3 0 0 0 0 0 1 0 0
62 5 0 0 1 0 0 1 0 0
63 2 0 0 0 0 0 1 0 0
67 4 0 0 4 0 0 0 0 0
fn=_dl_debug_state
77 2 2 1 2 0 0 0 0 0
fl=/build/buildd/eglibc-2.15/elf/dl-deps.c
fn=_dl_map_object_deps
146 3 0 0 0 0 0 0 0 0
149 11 2 2 0 0 0 9 0 0
150 9 0 0 0 0 0 1 0 0
164 4 0 0 0 0 0 2 0 0
165 2 0 0 0 0 0 2 0 0
166 7 1 1 0 0 0 2 0 0
168 1 0 0 0 0 0 1 0 0
172 9 1 1 2 0 0 2 0 0
182 9 0 0 0 0 0 1 0 0
183 1 0 0 1 0 0 0 0 0
186 3 0 0 0 0 0 2 0 0
205 2 0 0 1 0 0 1 0 0
206 1 0 0 0 0 0 1 0 0
207 1 1 1 0 0 0 1 0 0
208 4 1 1 0 0 0 4 0 0
212 8 0 0 8 0 0 0 0 0
213 6 1 1 0 0 0 0 0 0
214 2 0 0 0 0 0 0 0 0
217 4 0 0 0 0 0 4 0 0
221 8 0 0 4 0 0 0 0 0
222 23 2 2 10 1 1 0 0 0
224 4 0 0 0 0 0 0 0 0
226 6 0 0 4 0 0 0 0 0
228 26 1 1 2 0 0 4 0 0
233 16 0 0 8 0 0 0 0 0
235 6 0 0 4 0 0 2 0 0
240 2 0 0 0 0 0 2 0 0
241 2 0 0 0 0 0 2 0 0
242 4 0 0 2 0 0 2 0 0
243 4 0 0 2 0 0 2 0 0
246 192 2 2 50 0 0 2 0 0
247 88 0 0 0 0 0 0 0 0
253 16 1 1 4 0 0 2 0 0
255 2 0 0 0 0 0 2 0 0
258 12 0 0 0 0 0 2 0 0
260 6 1 1 2 0 0 0 0 0
275 2 0 0 2 0 0 0 0 0
277 4 0 0 2 0 0 0 0 0
282 6 0 0 0 0 0 0 0 0
285 2 1 1 0 0 0 2 0 0
286 2 0 0 0 0 0 2 0 0
287 2 0 0 0 0 0 2 0 0
288 4 0 0 2 0 0 2 0 0
290 2 0 0 2 0 0 0 0 0
292 12 0 0 2 0 0 4 0 0
296 4 0 0 0 0 0 0 0 0
297 3 0 0 0 0 0 1 0 0
299 168 1 1 0 0 0 0 0 0
477 8 1 1 0 0 0 0 0 0
479 6 0 0 0 0 0 2 0 0
481 4 0 0 0 0 0 2 0 0
482 4 0 0 0 0 0 0 0 0
483 4 0 0 0 0 0 0 0 0
486 2 0 0 0 0 0 2 1 1
487 10 0 0 0 0 0 2 0 0
488 10 0 0 0 0 0 2 0 0
491 2 0 0 0 0 0 2 0 0
492 2 0 0 2 0 0 0 0 0
496 20 1 1 8 0 0 0 0 0
498 4 0 0 4 0 0 0 0 0
499 26 1 1 4 0 0 3 0 0
503 5 0 0 1 0 0 0 0 0
504 2 0 0 1 0 0 1 0 0
507 5 1 1 2 0 0 1 0 0
517 2 0 0 0 0 0 1 0 0
518 3 0 0 1 0 0 0 0 0
520 2 1 1 0 0 0 0 0 0
525 5 0 0 2 0 0 1 0 0
526 13 1 1 7 0 0 2 0 0
528 13 1 1 4 0 0 1 0 0
534 16 0 0 4 0 0 4 1 1
538 8 0 0 8 0 0 0 0 0
541 2 0 0 1 0 0 0 0 0
592 5 0 0 3 0 0 0 0 0
594 3 0 0 1 0 0 0 0 0
630 6 1 1 1 0 0 2 0 0
632 4 1 1 1 0 0 1 0 0
636 1 1 1 0 0 0 0 0 0
637 6 1 1 0 0 0 0 0 0
638 10 1 1 2 0 0 3 0 0
642 3 0 0 3 0 0 0 0 0
643 6 0 0 3 0 0 0 0 0
649 16 0 0 5 0 0 0 0 0
651 12 0 0 6 0 0 0 0 0
652 8 0 0 0 0 0 0 0 0
654 9 0 0 3 0 0 0 0 0
655 6 0 0 0 0 0 0 0 0
677 3 1 1 0 0 0 0 0 0
680 9 0 0 3 0 0 0 0 0
683 23 2 2 7 0 0 6 0 0
690 2 0 0 1 0 0 1 0 0
692 2 1 1 1 0 0 1 0 0
693 1 0 0 1 0 0 0 0 0
701 2 0 0 1 0 0 0 0 0
704 3 0 0 1 0 0 0 0 0
707 8 0 0 7 0 0 0 0 0
fn=openaux
62 4 1 1 0 0 0 2 0 0
65 20 1 1 8 0 0 4 0 0
67 4 0 0 2 0 0 0 0 0
69 2 0 0 2 0 0 0 0 0
70 4 0 0 4 0 0 0 0 0
fl=/build/buildd/eglibc-2.15/elf/dl-environ.c
fn=_dl_next_ld_env_entry
31 2 1 1 2 0 0 0 0 0
32 2 0 0 0 0 0 0 0 0
34 124 0 0 41 0 0 0 0 0
36 80 0 0 40 22 22 0 0 0
37 14 0 0 7 0 0 0 0 0
39 1 0 0 0 0 0 0 0 0
42 2 0 0 0 0 0 1 0 0
44 1 0 0 1 0 0 0 0 0
47 39 0 0 0 0 0 0 0 0
51 1 0 0 1 0 0 0 0 0
fl=/build/buildd/eglibc-2.15/elf/dl-error.c
fn=_dl_catch_error
160 21 1 1 0 0 0 18 4 4
169 3 0 0 0 0 0 3 0 0
171 6 1 1 3 0 0 6 0 0
172 6 0 0 3 0 0 3 0 0
174 12 0 0 0 0 0 3 0 0
175 6 0 0 0 0 0 0 0 0
177 9 0 0 3 0 0 3 0 0
178 6 0 0 6 0 0 3 0 0
179 9 1 1 6 0 0 3 0 0
180 6 0 0 3 0 0 3 0 0
181 6 0 0 3 0 0 3 0 0
182 6 0 0 3 0 0 3 0 0
192 12 0 0 6 0 0 0 0 0
fn=_dl_receive_error
198 10 1 1 0 0 0 6 0 0
199 2 0 0 1 0 0 1 0 0
203 1 0 0 1 0 0 0 0 0
204 1 0 0 1 1 1 0 0 0
207 1 0 0 0 0 0 1 0 0
208 1 1 1 0 0 0 1 0 0
210 2 0 0 0 0 0 1 0 0
212 1 0 0 0 0 0 1 0 0
213 1 0 0 0 0 0 1 0 0
214 8 0 0 7 0 0 0 0 0
fl=/build/buildd/eglibc-2.15/elf/dl-fini.c
fn=_dl_fini
132 5 1 1 0 0 0 0 0 0
133 8 1 1 0 0 0 6 0 0
145 1 0 0 0 0 0 0 0 0
146 1 0 0 0 0 0 1 0 0
152 1 0 0 0 0 0 0 0 0
155 7 0 0 2 1 0 1 0 0
158 2 0 0 1 1 0 1 0 0
161 1 0 0 1 1 0 0 0 0
164 2 1 1 0 0 0 0 0 0
166 6 0 0 2 0 0 0 0 0
177 4 0 0 1 0 0 0 0 0
179 2 0 0 1 0 0 0 0 0
182 9 1 1 0 0 0 1 0 0
193 15 0 0 4 1 0 0 0 0
195 8 0 0 4 1 0 0 0 0
197 8 0 0 0 0 0 0 0 0
199 8 0 0 0 0 0 4 0 0
200 4 1 1 0 0 0 4 4 0
201 4 0 0 0 0 0 0 0 0
205 4 0 0 4 1 0 0 0 0
207 2 0 0 0 0 0 0 0 0
212 5 0 0 1 0 0 1 0 0
221 2 0 0 1 0 0 1 0 0
225 12 1 1 4 0 0 1 0 0
227 8 0 0 8 0 0 0 0 0
229 12 0 0 4 0 0 0 0 0
232 8 0 0 0 0 0 4 0 0
235 12 1 1 4 3 0 0 0 0
236 8 1 1 4 4 0 0 0 0
239 4 0 0 2 0 0 0 0 0
246 4 0 0 0 0 0 0 0 0
258 6 1 1 2 0 0 0 0 0
259 6 0 0 4 1 0 2 0 0
264 20 0 0 4 1 0 0 0 0
280 8 1 1 8 0 0 0 0 0
285 5 0 0 1 0 0 0 0 0
291 2 1 1 1 0 0 0 0 0
298 8 1 1 7 0 0 0 0 0
fn=_dl_sort_fini
34 11 1 1 0 0 0 8 0 0
36 2 0 0 0 0 0 0 0 0
41 3 0 0 0 0 0 0 0 0
42 6 1 1 0 0 0 0 0 0
43 6 0 0 0 0 0 2 0 0
47 9 0 0 3 0 0 3 0 0
48 6 1 1 3 0 0 0 0 0
52 15 1 1 6 0 0 0 0 0
58 8 0 0 5 0 0 1 0 0
59 16 0 0 0 0 0 2 0 0
61 12 0 0 6 0 0 0 0 0
62 8 0 0 0 0 0 0 0 0
64 9 0 0 3 1 0 0 0 0
65 6 0 0 0 0 0 0 0 0
84 1 0 0 0 0 0 1 0 0
95 9 1 1 3 0 0 0 0 0
116 3 0 0 0 0 0 0 0 0
120 12 0 0 3 0 0 0 0 0
123 15 0 0 4 0 0 4 0 0
127 8 0 0 7 0 0 0 0 0
fl=/build/buildd/eglibc-2.15/elf/dl-init.c
fn=_dl_init
37 15 1 1 5 0 0 0 0 0
43 8 0 0 0 0 0 4 0 0
46 12 2 2 8 1 0 0 0 0
47 3 0 0 0 0 0 0 0 0
51 6 0 0 3 1 0 0 0 0
52 16 0 0 1 0 0 3 0 0
93 11 1 1 0 0 0 6 0 0
94 1 0 0 1 1 0 0 0 0
95 1 0 0 1 0 0 0 0 0
98 3 0 0 1 0 0 0 0 0
101 2 0 0 0 0 0 1 0 0
105 2 0 0 0 0 0 0 0 0
132 2 1 1 1 0 0 0 0 0
133 14 0 0 0 0 0 0 0 0
134 12 0 0 8 0 0 0 0 0
140 8 0 0 7 0 0 0 0 0
fn=call_init.part.0
35 36 1 1 0 0 0 15 0 0
56 6 0 0 3 0 0 0 0 0
64 9 0 0 3 0 0 0 0 0
66 4 0 0 4 1 0 0 0 0
70 8 0 0 0 0 0 2 0 0
74 3 1 1 3 1 0 0 0 0
75 6 0 0 0 0 0 0 0 0
81 6 0 0 4 2 0 0 0 0
83 4 0 0 4 0 0 0 0 0
84 10 0 0 0 0 0 0 0 0
85 15 0 0 3 1 0 3 0 0
87 18 1 1 18 0 0 0 0 0
fl=/build/buildd/eglibc-2.15/elf/dl-load.c
fn=_dl_init_paths
711 28 0 0 0 0 0 1 0 0
712 9 2 2 0 0 0 7 0 0
727 6 0 0 2 0 0 2 0 0
731 1 0 0 0 0 0 1 0 0
732 3 0 0 0 0 0 1 0 0
733 2 0 0 0 0 0 0 0 0
740 5 0 0 0 0 0 0 0 0
741 2 1 1 1 0 0 0 0 0
744 1 0 0 0 0 0 1 0 0
745 2 0 0 0 0 0 1 0 0
747 2 0 0 0 0 0 0 0 0
753 1 0 0 0 0 0 1 0 0
754 1 0 0 0 0 0 1 0 0
756 1 0 0 0 0 0 0 0 0
762 13 0 0 0 0 0 3 1 1
764 8 0 0 0 0 0 4 2 2
765 4 1 1 0 0 0 4 1 1
767 5 0 0 0 0 0 4 0 0
768 10 0 0 3 1 1 4 1 1
769 10 0 0 0 0 0 0 0 0
772 29 2 2 3 1 1 0 0 0
773 92 0 0 0 0 0 0 0 0
774 17 1 1 0 0 0 16 1 1
776 24 2 2 3 0 0 4 0 0
782 1 0 0 0 0 0 1 1 1
783 1 0 0 0 0 0 1 0 0
787 1 0 0 1 0 0 0 0 0
788 2 0 0 0 0 0 0 0 0
790 4 1 1 1 0 0 0 0 0
792 3 0 0 1 0 0 0 0 0
806 1 0 0 0 0 0 1 0 0
808 3 2 2 1 0 0 0 0 0
819 2 1 1 0 0 0 1 0 0
824 2 1 1 1 0 0 0 0 0
879 1 0 0 0 0 0 1 0 0
880 8 0 0 7 0 0 0 0 0
fn=_dl_map_object
161 3 1 1 0 0 0 1 0 0
162 3 0 0 0 0 0 2 0 0
164 3 0 0 1 0 0 0 0 0
167 3 0 0 0 0 0 1 0 0
689 9 1 1 3 0 0 0 0 0
2276 39 2 2 0 0 0 27 2 2
2283 6 0 0 0 0 0 0 0 0
2284 6 0 0 3 0 0 0 0 0
2287 36 0 0 9 0 0 0 0 0
2292 21 1 1 7 0 0 0 0 0
2293 14 0 0 0 0 0 0 0 0
2295 35 0 0 0 0 0 7 1 1
2299 12 0 0 6 0 0 0 0 0
2300 18 1 1 6 0 0 0 0 0
2303 2 0 0 2 0 0 0 0 0
2304 4 0 0 4 0 0 0 0 0
2305 8 0 0 0 0 0 2 0 0
2321 14 1 1 4 0 0 4 0 0
2322 2 1 1 0 0 0 0 0 0
2332 6 0 0 2 0 0 0 0 0
2356 2 0 0 0 0 0 2 0 0
2358 10 1 1 0 0 0 2 0 0
2362 4 1 1 0 0 0 2 0 0
2364 2 0 0 1 0 0 0 0 0
2371 4 0 0 1 0 0 0 0 0
2375 2 0 0 1 0 0 1 0 0
2380 7 1 1 2 0 0 0 0 0
2383 6 0 0 1 0 0 2 0 0
2395 4 2 2 1 0 0 0 0 0
2396 7 0 0 3 0 0 0 0 0
2406 3 2 2 1 0 0 0 0 0
2413 2 0 0 1 0 0 0 0 0
2421 4 1 1 1 0 0 1 0 0
2426 3 0 0 0 0 0 1 0 0
2428 2 0 0 0 0 0 0 0 0
2433 3 0 0 1 0 0 0 0 0
2441 2 1 1 1 0 0 0 0 0
2468 10 0 0 1 0 0 1 0 0
2471 2 0 0 0 0 0 0 0 0
2473 1 0 0 0 0 0 1 0 0
2474 2 0 0 0 0 0 0 0 0
2493 2 1 1 1 0 0 0 0 0
2499 1 0 0 0 0 0 1 0 0
2501 6 0 0 1 0 0 1 0 0
2502 2 1 1 0 0 0 0 0 0
2503 1 0 0 0 0 0 0 0 0
2506 10 0 0 1 0 0 1 0 0
2509 2 0 0 0 0 0 0 0 0
2521 8 1 1 2 0 0 0 0 0
2523 4 0 0 0 0 0 0 0 0
2567 4 0 0 2 0 0 2 0 0
2568 28 0 0 6 0 0 8 0 0
2570 27 0 0 21 0 0 0 0 0
fn=_dl_map_object_from_fd
913 4 0 0 0 0 0 0 0 0
916 28 2 2 0 0 0 20 2 2
927 8 0 0 2 0 0 4 1 1
928 2 0 0 0 0 0 2 0 0
931 12 1 1 2 0 0 2 0 0
942 29 0 0 9 0 0 0 0 0
943 26 1 1 14 1 1 0 0 0
960 4 1 1 2 0 0 0 0 0
985 6 0 0 2 0 0 0 0 0
995 4 1 1 2 0 0 0 0 0
1017 8 0 0 4 0 0 0 0 0
1048 4 0 0 0 0 0 0 0 0
1051 16 1 1 8 0 0 2 0 0
1052 4 0 0 0 0 0 0 0 0
1063 6 0 0 4 0 0 2 0 0
1064 8 0 0 4 0 0 4 0 0
1065 4 1 1 2 0 0 2 0 0
1067 6 0 0 0 0 0 0 0 0
1068 8 0 0 4 0 0 0 0 0
1069 2 0 0 0 0 0 0 0 0
1074 2 0 0 0 0 0 2 0 0
1084 2 0 0 0 0 0 2 0 0
1093 16 1 1 2 0 0 0 0 0
1094 2 0 0 0 0 0 0 0 0
1095 2 1 1 0 0 0 2 0 0
1101 154 0 0 2 0 0 0 0 0
1102 125 2 2 17 0 0 0 0 0
1108 4 0 0 2 0 0 2 0 0
1109 8 0 0 2 0 0 2 0 0
1113 2 0 0 1 0 0 1 0 0
1114 1 0 0 0 0 0 0 0 0
1119 20 1 1 8 0 0 0 0 0
1125 24 1 1 8 0 0 0 0 0
1126 4 0 0 0 0 0 0 0 0
1133 16 0 0 0 0 0 0 0 0
1134 16 0 0 0 0 0 4 2 2
1135 12 0 0 4 0 0 0 0 0
1136 8 0 0 0 0 0 4 0 0
1137 4 0 0 0 0 0 4 1 1
1138 8 1 1 4 0 0 4 0 0
1139 8 0 0 0 0 0 4 2 2
1143 8 0 0 0 0 0 0 0 0
1144 10 0 0 4 0 0 2 0 0
1149 28 0 0 4 0 0 4 0 0
1159 4 0 0 0 0 0 0 0 0
1162 3 0 0 1 0 0 0 0 0
1166 1 0 0 0 0 0 1 1 1
1167 2 0 0 1 0 0 1 0 0
1168 3 0 0 1 0 0 0 0 0
1171 3 1 1 0 0 0 1 0 0
1172 2 0 0 1 0 0 1 0 0
1175 1 0 0 0 0 0 1 0 0
1179 4 0 0 1 0 0 0 0 0
1185 4 1 1 1 0 0 2 1 1
1186 1 0 0 0 0 0 0 0 0
1190 10 0 0 2 0 0 2 0 0
1240 4 0 0 2 0 0 2 0 0
1241 2 0 0 0 0 0 0 0 0
1244 4 1 1 2 0 0 2 1 1
1245 6 0 0 2 0 0 2 0 0
1246 2 0 0 0 0 0 0 0 0
1249 4 1 1 0 0 0 0 0 0
1259 2 0 0 0 0 0 0 0 0
1262 14 0 0 4 0 0 2 0 0
1264 4 0 0 0 0 0 0 0 0
1278 4 1 1 2 0 0 0 0 0
1283 14 0 0 6 0 0 6 1 1
1287 6 1 1 2 0 0 0 0 0
1294 6 0 0 2 0 0 2 0 0
1295 4 0 0 2 0 0 2 0 0
1297 4 0 0 2 0 0 0 0 0
1303 12 0 0 2 0 0 2 0 0
1304 2 1 1 2 0 0 0 0 0
1307 2 0 0 2 0 0 0 0 0
1330 22 0 0 2 0 0 0 0 0
1332 8 1 1 4 0 0 0 0 0
1334 24 0 0 8 0 0 2 0 0
1342 12 0 0 4 0 0 0 0 0
1343 6 1 1 4 0 0 2 0 0
1345 8 0 0 4 1 1 0 0 0
1346 5 1 1 3 0 0 0 0 0
1347 6 0 0 2 0 0 0 0 0
1348 5 1 1 1 0 0 0 0 0
1350 4 0 0 0 0 0 1 0 0
1352 16 0 0 8 0 0 0 0 0
1358 4 0 0 2 0 0 0 0 0
1359 2 0 0 0 0 0 0 0 0
1360 12 1 1 2 0 0 0 0 0
1361 4 0 0 0 0 0 0 0 0
1368 4 0 0 0 0 0 0 0 0
1371 4 0 0 0 0 0 0 0 0
1382 16 0 0 0 0 0 8 0 0
1383 12 0 0 8 0 0 0 0 0
1388 4 0 0 0 0 0 0 0 0
1392 8 1 1 1 0 0 1 0 0
1395 2 0 0 0 0 0 0 0 0
1403 4 1 1 0 0 0 0 0 0
1407 6 0 0 2 0 0 0 0 0
1416 6 1 1 2 0 0 2 0 0
1422 8 0 0 2 0 0 0 0 0
1438 6 1 1 2 0 0 0 0 0
1457 4 0 0 2 0 0 2 0 0
1459 10 0 0 4 0 0 0 0 0
1514 6 0 0 2 1 1 0 0 0
1515 2 0 0 1 0 0 1 0 0
1518 8 1 1 2 0 0 2 0 0
1526 4 0 0 2 0 0 0 0 0
1529 8 0 0 4 0 0 2 0 0
1531 4 1 1 2 0 0 0 0 0
1547 4 0 0 0 0 0 2 0 0
1551 4 0 0 2 0 0 0 0 0
1552 4 1 1 2 0 0 0 0 0
1570 8 0 0 4 0 0 2 0 0
1574 4 1 1 2 0 0 2 0 0
1578 4 0 0 2 0 0 0 0 0
1584 6 0 0 2 0 0 2 0 0
1588 6 0 0 2 0 0 0 0 0
1608 18 0 0 14 0 0 0 0 0
fn=expand_dynamic_string_token
161 3 0 0 0 0 0 1 0 0
162 2 0 0 0 0 0 1 0 0
164 2 0 0 0 0 0 0 0 0
167 4 0 0 0 0 0 0 0 0
421 9 1 1 0 0 0 5 0 0
431 5 1 1 0 0 0 1 0 0
446 6 1 1 5 0 0 0 0 0
fn=open_verify
1857 28 1 1 0 0 0 16 0 0
1893 8 0 0 2 0 0 0 0 0
1905 2 1 1 1 0 0 0 0 0
1914 10 1 1 0 0 0 4 1 1
1915 4 0 0 0 0 0 0 0 0
1925 2 0 0 0 0 0 2 0 0
1926 14 1 1 0 0 0 4 0 0
1933 4 0 0 0 0 0 0 0 0
1949 20 1 1 0 0 0 2 0 0
1951 2 0 0 2 1 1 0 0 0
1953 8 0 0 0 0 0 2 0 0
2009 4 0 0 2 0 0 0 0 0
2014 4 1 1 2 0 0 0 0 0
2016 6 0 0 2 0 0 0 0 0
2022 4 0 0 2 0 0 0 0 0
2029 10 1 1 2 0 0 0 0 0
2030 8 0 0 2 0 0 0 0 0
2031 4 0 0 0 0 0 2 0 0
2046 106 0 0 18 0 0 0 0 0
2048 36 1 1 17 6 6 0 0 0
2052 8 0 0 4 0 0 0 0 0
2053 2 0 0 0 0 0 0 0 0
2062 18 2 2 0 0 0 3 0 0
2065 2 0 0 0 0 0 0 0 0
2066 6 0 0 2 0 0 0 0 0
2067 6 0 0 2 0 0 0 0 0
2069 6 0 0 0 0 0 0 0 0
2074 1 0 0 0 0 0 0 0 0
2075 1 0 0 0 0 0 0 0 0
2078 2 0 0 0 0 0 0 0 0
2081 3 0 0 1 0 0 0 0 0
2082 5 0 0 1 0 0 0 0 0
2083 2 0 0 1 0 0 0 0 0
2084 3 0 0 1 0 0 0 0 0
2085 5 0 0 1 0 0 0 0 0
2113 18 2 2 16 0 0 0 0 0
fl=/build/buildd/eglibc-2.15/elf/dl-lookup.c
fn=_dl_lookup_symbol_x
477 6053 1 1 1430 101 94 0 0 0
478 6595 0 0 0 0 0 0 0 0
716 1554 2 2 0 0 0 999 5 1
718 222 0 0 0 0 0 111 1 1
719 222 0 0 0 0 0 222 1 0
722 111 0 0 111 2 0 0 0 0
726 412 1 1 95 0 0 0 0 0
730 111 0 0 0 0 0 111 0 0
731 222 0 0 111 0 0 0 0 0
733 222 0 0 222 5 0 0 0 0
737 682 1 1 337 0 0 0 0 0
739 1665 1 1 555 0 0 777 6 2
742 222 0 0 0 0 0 0 0 0
745 8 0 0 0 0 0 0 0 0
770 222 0 0 0 0 0 0 0 0
772 28 1 1 8 0 0 0 0 0
789 4 1 1 0 0 0 4 0 0
790 8 0 0 0 0 0 0 0 0
793 321 0 0 107 0 0 0 0 0
794 642 1 1 214 0 0 0 0 0
829 428 0 0 107 0 0 0 0 0
843 321 0 0 107 3 0 0 0 0
844 2 1 1 0 0 0 1 0 0
846 428 1 1 214 0 0 0 0 0
851 107 0 0 0 0 0 107 0 0
853 999 0 0 777 0 0 0 0 0
fn=_dl_setup_hash
861 4 1 1 0 0 0 0 0 0
864 12 0 0 4 0 0 0 0 0
868 4 0 0 4 0 0 0 0 0
872 8 0 0 4 4 4 4 0 0
873 4 1 1 4 0 0 0 0 0
874 4 0 0 4 1 1 0 0 0
876 12 0 0 0 0 0 0 0 0
877 4 0 0 0 0 0 4 0 0
878 12 0 0 4 0 0 4 0 0
880 4 0 0 0 0 0 4 0 0
881 8 0 0 0 0 0 0 0 0
883 4 0 0 0 0 0 4 0 0
884 4 0 0 0 0 0 0 0 0
885 16 1 1 0 0 0 4 0 0
899 8 0 0 4 0 0 0 0 0
fn=check_match.11236
132 749 2 2 0 0 0 428 1 1
133 214 0 0 107 21 8 0 0 0
135 642 1 1 214 8 8 0 0 0
137 321 0 0 107 0 0 0 0 0
147 321 0 0 107 0 0 107 6 3
150 376 1 1 188 0 0 27 1 1
154 214 0 0 214 1 0 0 0 0
155 321 0 0 107 0 0 0 0 0
157 190 0 0 0 0 0 0 0 0
176 190 1 1 190 13 6 0 0 0
177 760 0 0 285 7 0 0 0 0
178 475 2 1 190 2 0 95 1 0
205 24 0 0 0 0 0 0 0 0
207 72 0 0 24 1 0 0 0 0
208 48 0 0 12 0 0 0 0 0
223 749 2 1 535 0 0 0 0 0
fn=do_lookup_x
77 888 3 2 333 0 0 555 2 0
82 1332 2 1 222 0 0 777 8 2
83 111 0 0 111 1 0 0 0 0
89 111 0 0 111 0 0 0 0 0
95 323 0 0 0 0 0 323 0 0
96 323 0 0 0 0 0 323 0 0
98 969 0 0 646 7 0 323 0 0
101 646 1 1 0 0 0 0 0 0
105 646 0 0 323 0 0 0 0 0
109 646 0 0 323 7 0 0 0 0
113 646 0 0 323 1 0 0 0 0
120 969 2 1 323 0 0 0 0 0
124 969 0 0 646 12 0 323 0 0
125 969 0 0 646 4 0 323 0 0
226 323 0 0 323 0 0 0 0 0
227 646 0 0 0 0 0 0 0 0
229 323 0 0 323 44 32 0 0 0
230 222 0 0 0 0 0 0 0 0
231 646 0 0 323 0 0 0 0 0
233 222 0 0 0 0 0 0 0 0
234 1292 1 1 323 0 0 0 0 0
237 1292 0 0 0 0 0 0 0 0
238 969 0 0 0 0 0 0 0 0
240 226 0 0 226 54 45 0 0 0
241 452 1 1 0 0 0 0 0 0
242 226 0 0 0 0 0 0 0 0
244 339 0 0 113 0 0 0 0 0
247 1095 1 1 219 71 60 0 0 0
249 642 1 1 214 0 0 107 0 0
250 963 0 0 107 0 0 535 2 1
251 642 0 0 428 0 0 0 0 0
254 336 0 0 0 0 0 0 0 0
258 216 0 0 0 0 0 216 0 0
262 111 0 0 0 0 0 0 0 0
282 432 0 0 216 0 0 0 0 0
287 804 1 1 107 0 0 0 0 0
291 146 2 1 13 1 0 107 0 0
304 214 0 0 107 0 0 107 0 0
305 214 0 0 107 0 0 107 0 0
306 214 0 0 0 0 0 0 0 0
462 1236 1 1 412 1 0 0 0 0
463 462 0 0 168 0 0 168 3 0
466 648 1 1 0 0 0 0 0 0
469 4 0 0 0 0 0 0 0 0
470 888 0 0 777 0 0 0 0 0
fl=/build/buildd/eglibc-2.15/elf/dl-minimal.c
fn=__libc_memalign
53 76 1 1 0 0 0 38 0 0
54 76 1 1 38 0 0 0 0 0
59 3 0 0 0 0 0 1 0 0
60 3 1 1 1 0 0 0 0 0
61 1 0 0 0 0 0 0 0 0
65 57 0 0 0 0 0 19 0 0
66 19 0 0 0 0 0 0 0 0
68 121 0 0 0 0 0 0 0 0
72 12 1 1 3 0 0 0 0 0
73 6 0 0 0 0 0 0 0 0
79 21 0 0 0 0 0 3 0 0
81 6 0 0 0 0 0 0 0 0
83 9 0 0 6 0 0 0 0 0
85 9 0 0 0 0 0 3 0 0
88 19 0 0 0 0 0 19 0 0
89 19 0 0 0 0 0 19 0 0
91 95 0 0 57 0 0 0 0 0
fn=calloc
108 16 0 0 0 0 0 0 0 0
111 40 1 1 0 0 0 0 0 0
115 16 0 0 0 0 0 0 0 0
fn=malloc
95 18 1 1 0 0 0 0 0 0
96 36 0 0 0 0 0 0 0 0
fn=strsep
320 2 1 1 0 0 0 0 0 0
323 4 0 0 2 0 0 0 0 0
325 2 0 0 2 0 0 0 0 0
326 4 0 0 0 0 0 0 0 0
330 272 1 1 54 0 0 0 0 0
335 212 0 0 106 0 0 0 0 0
337 318 0 0 106 0 0 0 0 0
345 53 0 0 0 0 0 0 0 0
348 1 0 0 0 0 0 1 0 0
352 4 0 0 2 0 0 0 0 0
fl=/build/buildd/eglibc-2.15/elf/dl-misc.c
fn=_dl_name_match_p
305 280 1 1 0 0 0 112 1 1
306 224 0 0 56 2 0 56 2 1
307 56 0 0 0 0 0 0 0 0
309 56 0 0 56 0 0 0 0 0
311 226 0 0 0 0 0 0 0 0
312 300 1 1 60 5 0 60 0 0
313 3 0 0 0 0 0 0 0 0
315 57 0 0 57 0 0 0 0 0
317 109 0 0 0 0 0 0 0 0
318 280 0 0 168 0 0 0 0 0
fn=_dl_sysdep_read_whole_file
44 7 1 1 0 0 0 4 0 0
45 1 1 1 0 0 0 0 0 0
51 4 0 0 0 0 0 1 0 0
52 2 0 0 0 0 0 0 0 0
54 6 0 0 0 0 0 1 0 0
56 2 0 0 1 0 0 1 0 0
59 2 0 0 0 0 0 0 0 0
61 9 1 1 0 0 0 1 0 0
72 2 0 0 0 0 0 1 0 0
75 7 0 0 5 0 0 0 0 0
fl=/build/buildd/eglibc-2.15/elf/dl-object.c
fn=_dl_add_to_namespace_list
34 15 1 1 0 0 0 6 0 0
36 6 0 0 3 0 0 3 0 0
38 22 1 1 3 0 0 0 0 0
41 18 0 0 5 0 0 0 0 0
43 2 0 0 0 0 0 2 0 0
45 2 0 0 0 0 0 2 0 0
48 2 1 1 0 0 0 1 0 0
49 9 0 0 3 0 0 0 0 0
50 6 0 0 3 0 0 3 0 0
51 6 0 0 0 0 0 3 0 0
53 9 0 0 3 0 0 0 0 0
54 9 0 0 6 0 0 0 0 0
fn=_dl_new_object
61 5 0 0 0 0 0 0 0 0
63 39 1 1 0 0 0 27 1 1
64 12 0 0 0 0 0 3 2 2
70 42 1 1 6 0 0 0 0 0
77 15 0 0 0 0 0 6 0 0
80 9 1 1 3 0 0 0 0 0
83 3 0 0 0 0 0 3 3 3
84 6 0 0 0 0 0 3 3 3
88 6 0 0 0 0 0 3 1 1
89 12 0 0 0 0 0 6 1 1
91 3 1 1 0 0 0 3 0 0
93 3 0 0 0 0 0 3 0 0
94 18 0 0 6 3 3 3 0 0
97 6 0 0 3 0 0 0 0 0
98 6 1 1 0 0 0 3 3 3
99 3 1 1 0 0 0 3 1 1
103 6 0 0 3 0 0 3 0 0
106 38 0 0 0 0 0 0 0 0
108 32 0 0 0 0 0 16 4 4
118 6 0 0 0 0 0 3 0 0
119 3 1 1 0 0 0 3 3 3
122 1 0 0 0 0 0 0 0 0
124 23 1 1 6 1 1 0 0 0
126 10 0 0 0 0 0 2 1 1
129 8 0 0 0 0 0 0 0 0
133 6 0 0 2 0 0 0 0 0
137 15 0 0 2 0 0 0 0 0
145 1 1 1 0 0 0 1 1 1
148 6 0 0 0 0 0 3 0 0
151 9 1 1 3 0 0 0 0 0
153 8 0 0 0 0 0 4 0 0
157 4 0 0 0 0 0 0 0 0
161 6 0 0 0 0 0 2 0 0
162 8 0 0 0 0 0 0 0 0
207 8 1 1 2 0 0 2 0 0
212 82 0 0 0 0 0 0 0 0
213 84 0 0 42 0 0 0 0 0
215 4 0 0 0 0 0 0 0 0
218 4 0 0 0 0 0 2 0 0
221 2 0 0 0 0 0 2 0 0
225 27 1 1 21 0 0 0 0 0
fl=/build/buildd/eglibc-2.15/elf/dl-reloc.c
fn=_dl_relocate_object
152 12 0 0 0 0 0 4 0 0
154 44 1 1 0 0 0 32 0 0
161 4 0 0 0 0 0 4 0 0
164 8 0 0 0 0 0 0 0 0
165 12 0 0 0 0 0 4 0 0
169 8 0 0 0 0 0 0 0 0
170 20 1 1 4 1 0 4 0 0
176 8 0 0 4 0 0 0 0 0
182 12 0 0 4 0 0 0 0 0
184 12 1 1 8 3 0 0 0 0
186 8 0 0 4 0 0 0 0 0
194 8 1 1 4 1 0 0 0 0
239 12 0 0 8 0 0 4 0 0
265 231 3 3 83 12 1 57 0 0
268 12 0 0 4 0 0 0 0 0
308 4 0 0 4 0 0 0 0 0
311 8 0 0 4 0 0 0 0 0
328 12 0 0 4 3 0 0 0 0
330 32 0 0 28 1 0 0 0 0
336 16 0 0 8 0 0 0 0 0
337 8 1 1 4 0 0 0 0 0
338 8 0 0 0 0 0 0 0 0
341 8 0 0 0 0 0 0 0 0
342 20 1 1 0 0 0 4 0 0
fl=/build/buildd/eglibc-2.15/elf/dl-tls.c
fn=_dl_add_to_slotinfo
817 4 1 1 0 0 0 3 0 0
823 2 0 0 1 0 0 0 0 0
826 1 0 0 1 1 0 0 0 0
831 3 1 1 1 0 0 0 0 0
872 4 0 0 0 0 0 1 1 0
873 3 1 1 1 1 0 1 0 0
874 4 0 0 4 0 0 0 0 0
fn=_dl_allocate_tls_init
376 5 1 1 1 0 0 0 0 0
377 8 1 1 0 0 0 7 0 0
378 2 0 0 0 0 0 0 0 0
382 2 0 0 1 1 0 1 0 0
384 1 0 0 0 0 0 0 0 0
385 1 0 0 0 0 0 0 0 0
390 5 1 1 2 0 0 1 0 0
395 9 0 0 1 0 0 0 0 0
401 7 0 0 0 0 0 0 0 0
404 1 1 1 1 0 0 0 0 0
405 2 0 0 0 0 0 0 0 0
411 3 0 0 1 0 0 0 0 0
413 2 1 1 0 0 0 0 0 0
414 1 0 0 1 0 0 0 0 0
423 2 0 0 1 0 0 0 0 0
424 4 0 0 2 0 0 0 0 0
426 2 0 0 0 0 0 0 0 0
427 2 1 1 1 0 0 0 0 0
435 4 0 0 1 0 0 1 1 0
436 1 0 0 0 0 0 1 0 0
437 11 0 0 4 0 0 2 0 0
451 2 1 1 1 0 0 1 0 0
454 9 0 0 8 0 0 0 0 0
fn=_dl_allocate_tls_storage
296 3 1 1 1 0 0 1 1 1
297 3 0 0 0 0 0 1 0 0
298 2 0 0 0 0 0 0 0 0
307 2 0 0 0 0 0 1 0 0
329 3 1 1 0 0 0 3 0 0
331 1 0 0 1 0 0 0 0 0
342 4 0 0 1 0 0 1 0 0
343 2 0 0 0 0 0 0 0 0
350 1 0 0 0 0 0 0 0 0
354 306 1 1 0 0 0 288 36 36
371 5 0 0 4 0 0 0 0 0
fn=_dl_determine_tlsoffset
113 7 1 1 0 0 0 6 0 0
119 3 1 1 1 0 0 0 0 0
122 2 0 0 1 0 0 0 0 0
158 10 0 0 2 0 0 0 0 0
160 9 1 1 1 0 0 0 0 0
162 3 1 1 1 0 0 0 0 0
163 2 1 1 1 0 0 0 0 0
165 2 0 0 0 0 0 0 0 0
167 5 0 0 1 0 0 0 0 0
179 2 0 0 0 0 0 0 0 0
183 7 0 0 0 0 0 0 0 0
185 3 0 0 0 0 0 0 0 0
186 1 0 0 0 0 0 0 0 0
195 1 1 1 0 0 0 1 0 0
198 6 0 0 0 0 0 1 0 0
199 1 0 0 0 0 0 1 0 0
250 1 0 0 0 0 0 1 0 0
251 8 1 1 7 0 0 0 0 0
fn=_dl_next_tls_modid
51 1 1 1 0 0 0 0 0 0
54 3 0 0 2 0 0 0 0 0
102 2 0 0 0 0 0 1 0 0
106 2 0 0 1 0 0 0 0 0
fl=/build/buildd/eglibc-2.15/elf/dl-version.c
fn=_dl_check_all_versions
387 7 1 1 0 0 0 4 0 0
389 1 0 0 0 0 0 0 0 0
391 16 0 0 4 0 0 0 0 0
392 28 0 0 4 0 0 0 0 0
393 16 1 1 0 0 0 4 0 0
396 7 0 0 5 0 0 0 0 0
fn=_dl_check_map_versions
62 28 0 0 6 0 0 0 0 0
63 5 0 0 5 0 0 0 0 0
64 35 1 1 0 0 0 7 0 0
180 44 1 1 0 0 0 32 0 0
181 2 0 0 0 0 0 0 0 0
189 2 0 0 0 0 0 0 0 0
195 12 0 0 4 0 0 0 0 0
197 8 0 0 4 0 0 4 0 0
199 8 0 0 4 0 0 4 0 0
200 8 1 1 4 0 0 4 0 0
202 8 0 0 0 0 0 0 0 0
205 8 0 0 4 0 0 2 0 0
209 12 0 0 4 2 2 0 0 0
226 6 1 1 4 0 0 2 0 0
230 4 0 0 0 0 0 0 0 0
234 6 0 0 2 0 0 0 0 0
239 8 0 0 4 0 0 0 0 0
243 122 1 1 73 3 3 14 0 0
251 14 1 1 7 0 0 0 0 0
254 21 0 0 7 0 0 0 0 0
259 5 0 0 0 0 0 0 0 0
263 8 0 0 4 0 0 0 0 0
277 8 1 1 4 0 0 0 0 0
280 58 0 0 6 0 0 0 0 0
283 50 0 0 25 0 0 0 0 0
286 75 0 0 25 0 0 0 0 0
290 23 0 0 0 0 0 0 0 0
294 8 0 0 0 0 0 0 0 0
299 3 0 0 0 0 0 3 0 0
300 12 1 1 0 0 0 3 0 0
301 6 0 0 0 0 0 0 0 0
309 3 0 0 0 0 0 3 0 0
312 9 1 1 6 1 0 3 0 0
314 6 0 0 3 0 0 0 0 0
317 8 0 0 8 0 0 0 0 0
321 6 0 0 2 0 0 0 0 0
324 21 0 0 7 0 0 0 0 0
326 21 1 1 0 0 0 0 0 0
328 35 0 0 7 0 0 7 0 0
329 14 0 0 0 0 0 7 3 3
330 21 0 0 7 0 0 7 2 2
331 21 0 0 7 0 0 7 0 0
334 21 0 0 7 0 0 0 0 0
339 5 0 0 0 0 0 0 0 0
342 6 1 1 2 0 0 0 0 0
352 6 0 0 3 0 0 0 0 0
355 10 0 0 8 0 0 0 0 0
359 25 0 0 25 0 0 0 0 0
361 50 0 0 25 0 0 0 0 0
365 23 0 0 23 0 0 0 0 0
366 115 0 0 23 0 0 23 6 6
367 69 0 0 23 0 0 23 0 0
368 23 0 0 0 0 0 23 3 3
371 77 1 1 25 0 0 0 0 0
375 23 0 0 0 0 0 0 0 0
381 36 0 0 28 0 0 0 0 0
fn=match_symbol
82 91 2 2 0 0 0 49 1 1
83 14 0 0 14 0 0 0 0 0
91 14 0 0 7 0 0 0 0 0
97 21 0 0 7 1 0 0 0 0
112 7 0 0 7 0 0 0 0 0
113 14 1 1 0 0 0 0 0 0
115 7 0 0 7 0 0 0 0 0
120 94 0 0 47 6 6 0 0 0
134 94 0 0 47 3 3 0 0 0
136 7 1 1 7 0 0 0 0 0
139 56 0 0 14 1 1 14 0 0
142 7 1 1 0 0 0 0 0 0
146 120 0 0 40 3 3 0 0 0
150 40 0 0 0 0 0 0 0 0
174 56 0 0 49 0 0 0 0 0
fl=/build/buildd/eglibc-2.15/elf/do-rel.h
fn=_dl_relocate_object
56 16 0 0 8 0 0 0 0 0
57 8 0 0 8 0 0 0 0 0
67 24 1 1 8 0 0 0 0 0
70 138 0 0 0 0 0 0 0 0
72 123 1 1 41 14 14 0 0 0
74 17 0 0 0 0 0 0 0 0
83 6 1 1 0 0 0 0 0 0
84 21 0 0 1 0 0 0 0 0
85 10 0 0 5 0 0 0 0 0
93 15 1 1 10 0 0 5 0 0
95 10 0 0 0 0 0 0 0 0
107 15 1 1 0 0 0 0 0 0
117 9 1 1 1 1 1 0 0 0
120 3600 0 0 0 0 0 0 0 0
121 2396 0 0 1198 149 149 0 0 0
127 15 0 0 5 4 0 0 0 0
130 8 1 1 4 2 0 4 1 0
133 341 2 2 112 0 0 3 1 0
136 530 1 1 106 28 25 0 0 0
145 318 0 0 212 44 40 0 0 0
146 608 0 0 106 0 0 106 1 0
147 198 0 0 106 1 0 0 0 0
148 212 0 0 212 1 0 0 0 0
152 6 0 0 0 0 0 0 0 0
169 21 4 4 5 0 0 4 0 0
171 15 1 1 3 1 1 0 0 0
179 15 0 0 3 0 0 3 0 0
180 6 0 0 6 0 0 0 0 0
183 2 0 0 0 0 0 0 0 0
184 8 1 1 8 1 0 0 0 0
fn=_dl_start
92 1 0 0 1 0 0 0 0 0
93 1 0 0 1 0 0 0 0 0
95 2 0 0 0 0 0 0 0 0
120 44 0 0 0 0 0 0 0 0
121 28 0 0 14 2 2 0 0 0
125 2 1 1 1 0 0 0 0 0
133 28 0 0 0 0 0 0 0 0
146 32 0 0 8 2 2 0 0 0
148 16 0 0 8 0 0 0 0 0
fl=/build/buildd/eglibc-2.15/elf/dynamic-link.h
fn=_dl_map_object_from_fd
115 4 0 0 0 0 0 0 0 0
119 2 0 0 0 0 0 0 0 0
121 129 0 0 43 12 12 0 0 0
123 82 1 1 0 0 0 0 0 0
128 42 0 0 0 0 0 0 0 0
129 65 0 0 0 0 0 39 10 10
130 8 0 0 0 0 0 0 0 0
133 10 1 1 0 0 0 0 0 0
136 10 0 0 0 0 0 0 0 0
137 2 0 0 0 0 0 0 0 0
138 6 0 0 0 0 0 2 0 0
139 41 0 0 0 0 0 0 0 0
146 4 1 1 0 0 0 0 0 0
166 7 0 0 3 0 0 0 0 0
167 8 0 0 4 0 0 0 0 0
168 8 0 0 4 0 0 0 0 0
169 8 1 1 4 0 0 0 0 0
171 8 0 0 4 0 0 0 0 0
176 8 0 0 4 0 0 0 0 0
177 7 0 0 3 1 1 0 0 0
178 8 1 1 4 0 0 0 0 0
184 6 0 0 2 0 0 0 0 0
189 4 0 0 2 0 0 0 0 0
196 4 0 0 2 0 0 0 0 0
197 6 0 0 4 0 0 0 0 0
213 6 1 1 2 1 1 0 0 0
218 3 0 0 1 0 0 1 1 1
220 2 0 0 0 0 0 0 0 0
222 2 0 0 0 0 0 0 0 0
224 2 0 0 0 0 0 0 0 0
227 6 1 1 2 0 0 0 0 0
229 2 0 0 1 0 0 1 0 0
231 2 0 0 0 0 0 0 0 0
234 4 0 0 2 0 0 0 0 0
fn=_dl_start
121 64 0 0 22 6 6 0 0 0
123 40 0 0 0 0 0 0 0 0
124 30 0 0 0 0 0 15 4 4
128 21 1 1 0 0 0 0 0 0
129 17 1 1 0 0 0 4 3 3
130 4 1 1 0 0 0 0 0 0
133 5 1 1 0 0 0 0 0 0
136 5 2 2 0 0 0 0 0 0
137 1 0 0 0 0 0 0 0 0
138 4 0 0 0 0 0 1 1 1
139 20 0 0 0 0 0 0 0 0
146 2 0 0 0 0 0 0 0 0
166 4 1 1 2 0 0 0 0 0
167 4 0 0 2 0 0 0 0 0
168 4 0 0 2 0 0 0 0 0
169 4 0 0 2 0 0 0 0 0
171 4 1 1 2 0 0 0 0 0
176 4 0 0 2 0 0 0 0 0
177 4 0 0 2 0 0 0 0 0
178 4 0 0 2 0 0 0 0 0
184 3 1 1 1 0 0 0 0 0
189 2 0 0 1 0 0 0 0 0
196 3 0 0 1 0 0 0 0 0
197 3 0 0 2 0 0 0 0 0
205 3 0 0 1 0 0 0 0 0
207 3 1 1 1 0 0 0 0 0
210 2 0 0 1 0 0 0 0 0
211 2 0 0 1 0 0 0 0 0
fn=dl_main
106 1 0 0 1 0 0 0 0 0
115 2 0 0 0 0 0 0 0 0
119 1 0 0 0 0 0 0 0 0
121 62 1 1 20 6 6 0 0 0
123 38 0 0 0 0 0 0 0 0
128 17 0 0 0 0 0 0 0 0
129 29 0 0 0 0 0 18 5 5
130 4 0 0 0 0 0 0 0 0
133 5 2 2 0 0 0 0 0 0
136 5 2 2 0 0 0 0 0 0
137 1 0 0 0 0 0 0 0 0
138 3 0 0 0 0 0 1 0 0
139 19 0 0 0 0 0 0 0 0
146 3 0 0 1 0 0 0 0 0
184 3 1 1 1 0 0 0 0 0
189 2 0 0 1 0 0 0 0 0
196 2 0 0 1 0 0 0 0 0
197 3 0 0 2 0 0 0 0 0
213 3 0 0 1 0 0 0 0 0
227 3 1 1 1 0 0 0 0 0
234 2 1 1 1 0 0 0 0 0
fl=/build/buildd/eglibc-2.15/elf/rtld.c
fn=_dl_initial_error_catch_tsd
804 8 0 0 4 0 0 0 0 0
fn=_dl_start
291 69 4 4 1 0 0 1 0 0
303 2 1 1 0 0 0 1 1 1
304 2 0 0 0 0 0 1 0 0
305 2 0 0 0 0 0 1 1 1
306 2 0 0 0 0 0 1 0 0
307 2 0 0 0 0 0 1 0 0
328 5 0 0 0 0 0 1 1 1
332 1 0 0 0 0 0 1 0 0
338 4 1 1 0 0 0 1 0 0
347 4 0 0 0 0 0 0 0 0
350 2 0 0 1 1 0 1 1 0
354 2 1 0 1 0 0 0 0 0
367 4 0 0 0 0 0 0 0 0
368 9 1 1 0 0 0 6 1 1
386 5 1 1 0 0 0 1 1 1
412 1 0 0 0 0 0 1 1 1
415 3 0 0 1 1 1 1 0 0
543 3 1 1 1 0 0 0 0 0
548 24 2 2 9 0 0 0 0 0
550 1 0 0 1 1 1 0 0 0
575 9 0 0 7 1 0 0 0 0
fn=dl_main
725 2 0 0 1 0 0 1 0 0
729 5 1 1 1 0 0 1 0 0
892 42 0 0 0 0 0 0 0 0
896 12 1 1 0 0 0 7 2 2
902 1 0 0 0 0 0 0 0 0
904 2 0 0 0 0 0 0 0 0
905 1 0 0 0 0 0 0 0 0
911 1 0 0 0 0 0 0 0 0
915 2 0 0 0 0 0 1 0 0
918 2 1 1 0 0 0 1 1 1
922 2 0 0 0 0 0 1 0 0
923 2 1 1 0 0 0 1 0 0
928 2 0 0 0 0 0 1 1 1
931 2 0 0 0 0 0 1 1 1
938 3 0 0 1 0 0 0 0 0
1126 8 1 1 0 0 0 1 0 0
1128 2 0 0 0 0 0 0 0 0
1129 1 1 1 0 0 0 1 1 1
1130 1 0 0 0 0 0 1 0 0
1131 2 0 0 1 0 0 1 0 0
1135 3 0 0 0 0 0 1 0 0
1136 4 0 0 1 0 0 0 0 0
1157 1 0 0 0 0 0 1 0 0
1158 1 0 0 0 0 0 1 0 0
1160 1 0 0 0 0 0 1 0 0
1162 1 0 0 1 0 0 0 0 0
1165 35 2 2 2 0 0 0 0 0
1166 71 1 1 9 5 5 0 0 0
1170 3 1 1 1 0 0 1 0 0
1171 1 0 0 0 0 0 0 0 0
1175 3 1 1 2 0 0 1 0 0
1176 1 1 1 0 0 0 0 0 0
1184 1 0 0 0 0 0 1 1 1
1185 2 1 1 2 1 1 0 0 0
1187 2 0 0 0 0 0 1 0 0
1194 2 0 0 1 0 0 0 0 0
1212 1 0 0 0 0 0 0 0 0
1220 2 0 0 2 0 0 0 0 0
1221 10 1 1 3 1 1 0 0 0
1222 4 1 1 2 0 0 0 0 0
1223 1 0 0 0 0 0 1 0 0
1226 4 0 0 4 1 1 0 0 0
1227 4 0 0 2 0 0 0 0 0
1228 2 0 0 0 0 0 2 0 0
1229 6 0 0 3 0 0 0 0 0
1230 2 0 0 0 0 0 1 0 0
1247 3 2 1 1 0 0 0 0 0
1257 2 0 0 1 0 0 1 0 0
1258 1 0 0 0 0 0 0 0 0
1261 2 1 1 1 0 0 1 0 0
1262 2 0 0 1 0 0 1 0 0
1263 1 0 0 0 0 0 0 0 0
1268 3 0 0 1 1 1 0 0 0
1271 2 0 0 0 0 0 0 0 0
1273 2 0 0 0 0 0 0 0 0
1275 2 1 1 1 0 0 0 0 0
1288 3 0 0 1 0 0 0 0 0
1289 9 1 1 5 0 0 1 0 0
1294 1 0 0 0 0 0 1 0 0
1296 1 1 1 0 0 0 1 1 1
1297 1 0 0 0 0 0 1 0 0
1299 2 0 0 1 0 0 0 0 0
1300 2 0 0 0 0 0 1 0 0
1304 2 1 1 1 0 0 0 0 0
1306 2 0 0 0 0 0 0 0 0
1311 2 0 0 0 0 0 1 0 0
1314 2 0 0 1 0 0 0 0 0
1330 2 0 0 0 0 0 1 0 0
1334 2 0 0 1 0 0 0 0 0
1428 9 2 2 1 0 0 2 0 0
1433 2 0 0 1 0 0 1 0 0
1436 4 0 0 1 0 0 2 0 0
1438 1 0 0 0 0 0 1 0 0
1443 2 0 0 1 0 0 0 0 0
1446 4 2 2 2 0 0 1 0 0
1447 4 1 1 1 0 0 1 0 0
1448 2 0 0 0 0 0 1 0 0
1449 1 0 0 0 0 0 1 0 0
1450 1 0 0 1 0 0 0 0 0
1451 1 0 0 1 0 0 0 0 0
1456 2 0 0 1 0 0 0 0 0
1457 4 0 0 1 0 0 1 0 0
1461 1 1 1 1 0 0 0 0 0
1463 2 0 0 1 1 1 0 0 0
1464 1 0 0 0 0 0 1 0 0
1465 2 0 0 1 0 0 1 1 1
1469 1 0 0 0 0 0 0 0 0
1470 3 0 0 0 0 0 0 0 0
1471 4 1 1 1 1 1 0 0 0
1473 2 0 0 1 0 0 1 1 1
1474 2 0 0 1 0 0 1 0 0
1479 2 0 0 1 0 0 0 0 0
1484 3 1 1 1 0 0 0 0 0
1665 3 0 0 1 0 0 0 0 0
1668 2 0 0 1 0 0 1 0 0
1672 3 0 0 1 0 0 0 0 0
1677 2 1 1 1 0 0 1 0 0
1678 1 0 0 0 0 0 1 0 0
1682 3 0 0 1 0 0 0 0 0
1697 3 0 0 2 0 0 0 0 0
1699 1 0 0 0 0 0 0 0 0
1701 3 0 0 1 0 0 0 0 0
1708 11 2 2 0 0 0 3 0 0
1711 7 0 0 0 0 0 1 0 0
1714 12 0 0 0 0 0 2 0 0
1715 2 0 0 1 0 0 0 0 0
1716 3 1 1 1 0 0 0 0 0
1718 6 0 0 0 0 0 1 0 0
1720 4 0 0 0 0 0 0 0 0
1721 2 1 1 2 0 0 0 0 0
1722 3 0 0 0 0 0 1 0 0
1732 5 1 1 0 0 0 1 0 0
1809 4 0 0 2 0 0 0 0 0
1813 8 2 2 0 0 0 0 0 0
1814 1 0 0 0 0 0 0 0 0
1817 3 0 0 0 0 0 1 0 0
1818 1 0 0 1 0 0 0 0 0
1819 2 0 0 0 0 0 0 0 0
1820 2 0 0 0 0 0 0 0 0
1826 5 0 0 0 0 0 0 0 0
1827 7 1 1 1 0 0 1 0 0
1828 4 0 0 0 0 0 0 0 0
1830 2 0 0 1 0 0 0 0 0
1833 13 0 0 2 0 0 0 0 0
1834 16 1 1 8 0 0 0 0 0
1837 3 0 0 2 0 0 1 0 0
1838 3 0 0 1 0 0 0 0 0
1839 1 0 0 0 0 0 1 0 0
1841 9 1 1 0 0 0 0 0 0
1842 13 2 2 4 0 0 0 0 0
1852 2 0 0 0 0 0 1 0 0
1854 2 0 0 1 0 0 1 0 0
1855 3 0 0 1 0 0 0 0 0
1857 2 0 0 0 0 0 1 0 0
1859 3 0 0 0 0 0 0 0 0
1861 3 0 0 1 0 0 0 0 0
1862 1 0 0 1 0 0 0 0 0
1875 2 1 1 0 0 0 0 0 0
1876 2 0 0 0 0 0 1 0 0
1877 3 0 0 1 0 0 0 0 0
1888 5 0 0 1 0 0 1 0 0
1889 4 0 0 0 0 0 1 0 0
1890 4 1 1 0 0 0 1 0 0
1900 2 0 0 1 0 0 1 0 0
1901 2 0 0 0 0 0 0 0 0
1904 2 1 1 1 0 0 0 0 0
1907 1 0 0 0 0 0 1 0 0
1909 3 0 0 1 0 0 0 0 0
2137 3 0 0 1 0 0 0 0 0
2139 1 0 0 1 0 0 0 0 0
2193 2 1 1 0 0 0 1 0 0
2197 4 1 1 2 0 0 2 0 0
2201 2 0 0 1 0 0 1 0 0
2204 2 0 0 0 0 0 0 0 0
2212 2 0 0 0 0 0 0 0 0
2258 4 0 0 1 0 0 1 0 0
2265 1 0 0 1 0 0 0 0 0
2267 5 1 1 0 0 0 0 0 0
2268 5 0 0 1 0 0 1 0 0
2269 14 0 0 0 0 0 0 0 0
2271 12 0 0 8 2 0 0 0 0
2276 8 0 0 8 0 0 0 0 0
2278 10 1 1 0 0 0 0 0 0
2280 1 1 1 0 0 0 1 0 0
2281 1 0 0 1 0 0 0 0 0
2283 4 0 0 4 0 0 0 0 0
2285 12 0 0 0 0 0 0 0 0
2286 24 0 0 9 3 0 3 0 0
2290 10 0 0 5 1 0 0 0 0
2291 3 0 0 0 0 0 1 0 0
2293 4 0 0 0 0 0 0 0 0
2295 2 0 0 0 0 0 1 0 0
2301 2 0 0 1 0 0 0 0 0
2310 4 1 1 2 0 0 0 0 0
2311 1 0 0 1 0 0 0 0 0
2316 2 0 0 0 0 0 1 0 0
2320 2 0 0 1 0 0 0 0 0
2334 3 1 1 2 1 0 0 0 0
2336 4 0 0 1 0 0 0 0 0
2351 5 1 1 0 0 0 0 0 0
2353 1 0 0 1 0 0 0 0 0
2354 5 0 0 1 0 0 1 0 0
2355 4 0 0 0 0 0 0 0 0
2357 2 0 0 1 0 0 0 0 0
2365 1 0 0 0 0 0 1 0 0
2369 3 0 0 1 0 0 0 0 0
2389 3 0 0 0 0 0 1 0 0
2390 1 0 0 0 0 0 1 0 0
2391 1 0 0 0 0 0 1 0 0
2395 1 0 0 0 0 0 1 0 0
2400 8 0 0 7 2 0 0 0 0
fn=do_preload
810 6 1 1 0 0 0 3 0 0
812 1 1 1 0 0 0 1 0 0
816 1 0 0 0 0 0 1 0 0
817 1 0 0 0 0 0 1 0 0
818 1 0 0 0 0 0 1 0 0
820 1 0 0 1 0 0 0 0 0
822 6 0 0 0 0 0 1 0 0
823 2 0 0 1 0 0 0 0 0
833 3 0 0 1 0 0 0 0 0
837 5 1 1 4 0 0 0 0 0
fn=init_tls.part.3
722 1 0 0 0 0 0 1 0 0
735 3 0 0 1 0 0 1 0 0
738 1 0 0 0 0 0 1 0 0
739 4 0 0 0 0 0 1 0 0
746 1 0 0 0 0 0 1 1 1
750 2 1 1 1 1 1 0 0 0
751 2 0 0 0 0 0 0 0 0
752 11 1 1 1 0 0 0 0 0
753 4 0 0 4 0 0 0 0 0
754 8 0 0 4 0 0 0 0 0
758 4 0 0 0 0 0 1 0 0
760 1 0 0 0 0 0 0 0 0
762 3 0 0 0 0 0 0 0 0
765 1 0 0 0 0 0 1 0 0
772 2 0 0 0 0 0 1 0 0
773 2 1 1 0 0 0 0 0 0
779 2 0 0 1 0 0 1 0 0
787 7 1 1 0 0 0 2 0 0
791 1 0 0 0 0 0 1 0 0
794 3 0 0 2 0 0 0 0 0
fn=map_doit
631 2 1 1 0 0 0 1 0 0
633 8 1 1 3 0 0 2 0 0
635 2 0 0 2 0 0 0 0 0
fn=process_envvars
2561 9 2 2 0 0 0 6 1 1
2562 2 0 0 1 0 0 1 1 1
2564 1 0 0 0 0 0 0 0 0
2565 1 0 0 0 0 0 0 0 0
2569 7 0 0 1 0 0 1 1 1
2571 10 1 1 0 0 0 2 0 0
2575 39 0 0 8 0 0 0 0 0
2576 7 0 0 0 0 0 0 0 0
2578 2 0 0 0 0 0 0 0 0
2584 7 0 0 1 1 1 0 0 0
2607 6 2 2 0 0 0 1 0 0
2614 6 0 0 0 0 0 1 0 0
2616 2 0 0 0 0 0 1 1 1
2617 1 0 0 0 0 0 0 0 0
2733 1 0 0 0 0 0 1 0 0
2737 3 1 1 1 0 0 0 0 0
2770 2 0 0 0 0 0 0 0 0
2792 8 0 0 7 0 0 0 0 0
fn=rtld_lock_default_lock_recursive
844 5 2 1 5 2 1 0 0 0
845 5 0 0 5 0 0 0 0 0
fn=rtld_lock_default_unlock_recursive
850 5 0 0 5 1 0 0 0 0
851 5 0 0 5 0 0 0 0 0
fn=security_init
857 2 1 1 0 0 0 1 0 0
859 1 0 0 1 0 0 0 0 0
861 1 0 0 0 0 0 1 0 0
867 3 0 0 1 0 0 0 0 0
869 1 1 1 1 0 0 0 0 0
872 1 0 0 0 0 0 1 0 0
874 1 0 0 0 0 0 1 0 0
880 1 0 0 0 0 0 1 0 0
881 3 0 0 2 0 0 0 0 0
fn=version_check_doit
663 2 1 1 0 0 0 1 0 0
665 6 0 0 2 0 0 1 0 0
669 2 0 0 2 0 0 0 0 0
fl=/build/buildd/eglibc-2.15/io/../sysdeps/unix/syscall-template.S
fn=__write_nocancel
82 80 1 1 16 0 0 0 0 0
fn=access
82 12 1 1 0 0 0 0 0 0
83 3 0 0 3 0 0 0 0 0
84 18 1 1 0 0 0 3 1 1
fn=close
82 12 1 1 0 0 0 0 0 0
83 3 0 0 3 0 0 0 0 0
fn=open
82 12 1 1 0 0 0 0 0 0
83 3 0 0 3 0 0 0 0 0
fn=read
82 8 1 1 0 0 0 0 0 0
83 2 0 0 2 0 0 0 0 0
fn=write
82 32 1 1 16 0 0 0 0 0
fl=/build/buildd/eglibc-2.15/io/../sysdeps/unix/sysv/linux/wordsize-64/fxstat.c
fn=_fxstat
36 4 0 0 0 0 0 0 0 0
37 8 2 2 0 0 0 0 0 0
38 24 0 0 0 0 0 0 0 0
42 4 0 0 4 0 0 0 0 0
fl=/build/buildd/eglibc-2.15/libio/../sysdeps/unix/sysv/linux/sys/sysmacros.h
fn=_IO_file_doallocate
47 6 0 0 0 0 0 0 0 0
fl=/build/buildd/eglibc-2.15/libio/filedoalloc.c
fn=_IO_file_doallocate
99 5 1 1 0 0 0 3 0 0
113 2 0 0 0 0 0 0 0 0
114 9 0 0 3 0 0 1 0 0
116 4 1 1 1 0 0 0 0 0
119 2 0 0 0 0 0 0 0 0
121 2 1 1 1 0 0 0 0 0
124 2 1 1 1 0 0 0 0 0
127 4 0 0 1 0 0 0 0 0
128 3 0 0 0 0 0 0 0 0
131 9 1 1 0 0 0 1 0 0
132 5 0 0 0 0 0 1 0 0
133 1 0 0 0 0 0 0 0 0
134 5 0 0 4 0 0 0 0 0
fl=/build/buildd/eglibc-2.15/libio/fileops.c
fn=_IO_do_write@@GLIBC_2.2.5
514 34 0 0 0 0 0 17 0 0
516 71 2 2 0 0 0 4 0 0
517 34 0 0 34 0 0 0 0 0
fn=_IO_file_overflow@@GLIBC_2.2.5
850 150 1 1 0 0 0 90 0 0
851 90 0 0 30 0 0 0 0 0
858 172 0 0 56 0 0 0 0 0
861 4 1 1 2 0 0 0 0 0
863 4 1 1 0 0 0 2 1 1
864 12 0 0 4 0 0 6 0 0
873 4 0 0 0 0 0 0 0 0
882 8 0 0 4 0 0 0 0 0
884 2 0 0 0 0 0 2 0 0
885 2 0 0 0 0 0 2 0 0
886 2 0 0 0 0 0 2 0 0
887 4 0 0 0 0 0 4 0 0
889 4 0 0 0 0 0 2 0 0
890 12 1 1 2 0 0 0 0 0
891 4 0 0 0 0 0 2 0 0
893 60 1 1 0 0 0 0 0 0
894 30 1 1 0 0 0 0 0 0
895 15 0 0 0 0 0 0 0 0
896 30 0 0 15 0 0 0 0 0
899 45 0 0 0 0 0 30 1 0
900 45 0 0 15 0 0 0 0 0
901 34 0 0 0 0 0 0 0 0
902 8 1 1 0 0 0 2 0 0
903 4 0 0 2 0 0 0 0 0
905 15 0 0 0 0 0 0 0 0
906 105 0 0 105 0 0 0 0 0
fn=_IO_file_setbuf@@GLIBC_2.2.5
466 2 1 1 0 0 0 1 0 0
467 3 0 0 0 0 0 1 0 0
470 2 0 0 0 0 0 2 0 0
471 2 0 0 1 0 0 1 0 0
472 3 1 1 0 0 0 3 0 0
475 3 0 0 2 0 0 0 0 0
fn=_IO_file_stat
1246 1 1 1 0 0 0 0 0 0
1248 3 0 0 1 0 0 0 0 0
fn=_IO_file_sync@@GLIBC_2.2.5
912 2 1 1 0 0 0 1 0 0
917 4 1 1 2 0 0 0 0 0
919 1 0 0 1 0 0 0 0 0
920 2 0 0 1 0 0 0 0 0
937 2 1 1 0 0 0 1 0 0
941 2 0 0 2 0 0 0 0 0
fn=_IO_file_write@@GLIBC_2.2.5
1282 128 1 1 0 0 0 64 0 0
1284 160 1 1 0 0 0 0 0 0
1288 48 0 0 16 0 0 0 0 0
1289 48 1 1 16 0 0 16 1 1
1290 32 0 0 0 0 0 0 0 0
1295 16 0 0 0 0 0 0 0 0
1296 16 0 0 0 0 0 0 0 0
1299 48 0 0 16 0 0 0 0 0
1302 96 0 0 80 0 0 0 0 0
fn=_IO_file_xsputn@@GLIBC_2.2.5
1305 94 1 1 0 0 0 0 0 0
1309 171 1 1 0 0 0 95 0 0
1315 38 0 0 0 0 0 0 0 0
1316 19 0 0 0 0 0 0 0 0
1322 76 1 1 19 0 0 0 0 0
1324 18 0 0 12 1 0 0 0 0
1325 18 0 0 0 0 0 0 0 0
1328 118 1 1 0 0 0 0 0 0
1330 148 0 0 48 0 0 0 0 0
1332 8 0 0 0 0 0 0 0 0
1339 65 0 0 26 1 1 0 0 0
1343 24 1 1 0 0 0 0 0 0
1347 12 0 0 0 0 0 0 0 0
1359 4 0 0 0 0 0 0 0 0
1361 38 0 0 0 0 0 0 0 0
1362 52 0 0 18 0 0 18 1 0
1363 12 0 0 0 0 0 6 0 0
1365 18 0 0 0 0 0 0 0 0
1367 18 0 0 0 0 0 0 0 0
1371 90 0 0 30 2 0 15 0 0
1378 30 0 0 30 0 0 0 0 0
1379 54 0 0 0 0 0 0 0 0
1381 45 1 1 0 0 0 0 0 0
1383 48 1 1 0 0 0 12 0 0
1384 12 1 1 0 0 0 0 0 0
1385 24 0 0 0 0 0 0 0 0
1392 30 0 0 0 0 0 0 0 0
1393 6 0 0 0 0 0 1 0 0
1395 38 1 1 0 0 0 0 0 0
1396 133 1 1 114 0 0 0 0 0
fn=new_do_write
526 128 1 1 0 0 0 64 0 0
528 48 0 0 16 0 0 0 0 0
535 64 2 2 32 0 0 0 0 0
543 96 1 1 32 2 0 16 1 0
544 80 0 0 16 0 0 0 0 0
547 64 0 0 16 0 0 48 0 0
548 32 0 0 0 0 0 32 0 0
549 16 0 0 0 0 0 16 0 0
550 32 1 1 16 0 0 0 0 0
551 48 0 0 16 0 0 0 0 0
553 112 0 0 80 0 0 0 0 0
fl=/build/buildd/eglibc-2.15/libio/genops.c
fn=_IO_cleanup
951 12 0 0 4 0 0 0 0 0
953 12 1 1 3 0 0 0 0 0
954 4 0 0 0 0 0 0 0 0
955 2 0 0 0 0 0 0 0 0
957 3 0 0 1 0 0 0 0 0
962 18 1 1 6 0 0 2 0 0
969 5 0 0 2 0 0 0 0 0
971 2 1 1 0 0 0 1 0 0
973 2 0 0 1 0 0 1 0 0
974 1 0 0 0 0 0 1 0 0
975 2 0 0 1 0 0 1 0 0
976 4 0 0 1 0 0 1 0 0
979 5 0 0 2 0 0 1 0 0
981 5 1 1 1 0 0 0 0 0
982 11 1 1 3 0 0 2 0 0
987 3 1 1 0 0 0 3 0 0
1007 8 1 1 0 0 0 6 0 0
1010 3 0 0 0 0 0 1 0 0
1022 9 1 1 7 0 0 0 0 0
fn=_IO_default_setbuf
562 7 1 1 0 0 0 3 0 0
563 4 0 0 2 0 0 1 0 0
565 2 0 0 0 0 0 0 0 0
567 1 0 0 1 0 0 0 0 0
568 5 1 1 0 0 0 1 0 0
575 3 0 0 0 0 0 3 0 0
576 3 1 1 0 0 0 3 0 0
578 6 0 0 4 0 0 0 0 0
fn=_IO_default_xsputn
448 2960 3 3 0 0 0 0 0 0
452 4963 1 1 0 0 0 3545 2 1
455 2645 0 0 0 0 0 0 0 0
456 709 0 0 0 0 0 0 0 0
460 1692 1 1 846 0 0 0 0 0
462 1224 0 0 0 0 0 0 0 0
465 816 0 0 0 0 0 0 0 0
475 816 0 0 0 0 0 0 0 0
479 7316 0 0 0 0 0 0 0 0
480 9214 0 0 3046 0 0 3046 2 1
481 816 0 0 0 0 0 408 0 0
483 408 0 0 0 0 0 0 0 0
485 944 0 0 42 0 0 14 0 0
487 14 0 0 0 0 0 0 0 0
488 14 0 0 0 0 0 0 0 0
489 818 0 0 0 0 0 0 0 0
490 4254 0 0 4254 0 0 0 0 0
fn=_IO_doallocbuf
419 4 1 1 0 0 0 2 0 0
420 4 0 0 2 0 0 0 0 0
422 7 0 0 3 0 0 0 0 0
423 5 0 0 2 0 0 1 0 0
425 5 1 1 0 0 0 0 0 0
426 3 0 0 3 0 0 0 0 0
fn=_IO_flush_all_lockp
823 8 2 2 0 0 0 6 0 0
824 1 1 1 0 0 0 0 0 0
829 3 0 0 0 0 0 0 0 0
834 1 0 0 1 0 0 0 0 0
835 1 1 1 1 1 0 0 0 0
836 8 0 0 0 0 0 0 0 0
838 3 0 0 0 0 0 3 1 1
839 6 0 0 0 0 0 0 0 0
840 2 0 0 1 0 0 0 0 0
842 21 2 2 9 3 1 0 0 0
852 6 1 1 0 0 0 0 0 0
854 3 0 0 0 0 0 3 0 0
856 9 1 1 3 0 0 0 0 0
863 3 0 0 3 2 1 0 0 0
867 2 0 0 0 0 0 0 0 0
869 2 1 1 0 0 0 0 0 0
873 9 0 0 7 0 0 0 0 0
fn=_IO_no_init
648 1800 2 2 0 0 0 800 0 0
649 200 0 0 0 0 0 200 0 0
650 200 0 0 0 0 0 200 0 0
652 400 0 0 0 0 0 0 0 0
670 200 1 1 0 0 0 200 0 0
671 1200 0 0 1000 0 0 0 0 0
fn=_IO_old_init
615 400 0 0 0 0 0 200 0 0
616 200 0 0 0 0 0 200 0 0
617 200 0 0 0 0 0 200 0 0
618 200 0 0 0 0 0 200 0 0
619 200 0 0 0 0 0 200 0 0
620 200 0 0 0 0 0 200 0 0
621 200 1 1 0 0 0 200 0 0
622 200 0 0 0 0 0 200 0 0
623 200 0 0 0 0 0 200 0 0
624 200 0 0 0 0 0 200 0 0
625 200 0 0 0 0 0 200 0 0
627 200 0 0 0 0 0 200 0 0
628 200 0 0 0 0 0 200 0 0
629 200 0 0 0 0 0 200 0 0
630 200 0 0 0 0 0 200 0 0
631 200 0 0 0 0 0 200 0 0
636 600 1 1 200 0 0 0 0 0
637 200 0 0 200 0 0 0 0 0
fn=_IO_setb
404 1015 1 1 0 0 0 406 0 0
405 814 0 0 406 0 0 0 0 0
407 203 0 0 0 0 0 203 0 0
408 203 0 0 0 0 0 203 0 0
410 1015 1 1 0 0 0 0 0 0
412 203 0 0 0 0 0 203 0 0
413 812 0 0 609 0 0 0 0 0
fn=__overflow
246 3 1 1 1 0 0 0 0 0
248 3 0 0 2 0 0 0 0 0
fl=/build/buildd/eglibc-2.15/libio/ioputs.c
fn=puts
35 4 1 1 0 0 0 3 0 0
37 2 0 0 0 0 0 1 0 0
38 18 2 2 10 2 0 1 0 0
40 2 1 1 0 0 0 0 0 0
41 3 0 0 1 1 0 0 0 0
42 6 1 1 2 0 0 1 0 0
43 8 0 0 3 0 0 1 0 0
44 4 0 0 0 0 0 0 0 0
48 5 0 0 4 0 0 0 0 0
fl=/build/buildd/eglibc-2.15/libio/libioP.h
fn=puts
984 3 0 0 1 0 0 0 0 0
985 11 1 1 4 0 0 2 0 0
fl=/build/buildd/eglibc-2.15/libio/strops.c
fn=_IO_str_init_static_internal
40 1600 1 1 0 0 0 800 0 0
44 400 0 0 0 0 0 0 0 0
46 200 1 1 0 0 0 0 0 0
47 800 0 0 0 0 0 0 0 0
50 1000 1 1 0 0 0 200 0 0
52 200 0 0 0 0 0 200 0 0
53 200 0 0 0 0 0 200 0 0
54 200 0 0 0 0 0 200 0 0
55 400 0 0 0 0 0 0 0 0
57 200 0 0 0 0 0 200 0 0
58 200 0 0 0 0 0 200 0 0
59 200 0 0 0 0 0 200 0 0
68 200 0 0 0 0 0 200 0 0
69 1200 0 0 1000 0 0 0 0 0
fl=/build/buildd/eglibc-2.15/malloc/arena.c
fn=malloc_hook_ini
371 6 0 0 2 1 1 2 0 0
fn=ptmalloc_init.part.8
332 124 0 0 41 6 0 0 0 0
334 80 0 0 40 22 0 0 0 0
335 2 0 0 1 0 0 0 0 0
336 2 1 1 1 0 0 0 0 0
350 40 0 0 0 0 0 0 0 0
369 6 1 1 0 0 0 5 0 0
372 1 0 0 0 0 0 1 0 0
380 2 0 0 1 0 0 0 0 0
381 7 1 1 0 0 0 1 0 0
382 3 0 0 2 1 0 0 0 0
387 3 1 1 1 1 0 1 1 0
388 12 1 1 2 2 0 6 1 1
390 5 1 1 2 2 0 0 0 0
406 1 0 0 0 0 0 0 0 0
455 2 0 0 0 0 0 0 0 0
460 2 0 0 2 2 1 0 0 0
461 2 1 1 0 0 0 0 0 0
463 1 0 0 0 0 0 1 1 0
464 7 0 0 6 1 0 0 0 0
fl=/build/buildd/eglibc-2.15/malloc/hooks.c
fn=malloc_hook_ini
30 1 1 1 0 0 0 0 0 0
31 2 0 0 1 0 0 1 0 0
33 1 0 0 0 0 0 0 0 0
34 1 1 1 0 0 0 0 0 0
fl=/build/buildd/eglibc-2.15/malloc/malloc.c
fn=_int_free
3938 5050 2 2 0 0 0 3535 0 0
3951 1515 0 0 505 0 0 0 0 0
3957 2020 0 0 0 0 0 0 0 0
3958 1010 0 0 0 0 0 0 0 0
3968 1010 0 0 0 0 0 0 0 0
3981 1010 1 1 505 0 0 0 0 0
3992 2020 0 0 505 0 0 0 0 0
3993 1515 0 0 505 0 0 0 0 0
4017 1515 0 0 505 0 0 0 0 0
4020 1515 1 1 1010 0 0 0 0 0
4021 1010 0 0 0 0 0 0 0 0
4022 1010 0 0 0 0 0 0 0 0
4025 505 0 0 505 0 0 0 0 0
4026 1010 0 0 0 0 0 0 0 0
4031 1010 0 0 0 0 0 0 0 0
4036 1010 1 1 0 0 0 0 0 0
4037 1503 0 0 501 0 0 0 0 0
4038 505 0 0 0 0 0 505 0 0
4040 3030 0 0 1010 0 0 0 0 0
4042 2012 0 0 0 0 0 0 0 0
4208 4040 1 1 3535 0 0 0 0 0
fn=_int_malloc
1912 254 0 0 0 0 0 0 0 0
1913 127 0 0 0 0 0 0 0 0
1914 381 1 1 0 0 0 254 31 31
1918 3 0 0 0 0 0 0 0 0
1922 3 1 1 1 0 0 1 0 0
1923 2 0 0 0 0 0 1 0 0
1925 3 0 0 0 0 0 1 1 1
2370 5 1 1 2 2 0 2 0 0
2371 3 1 1 0 0 0 0 0 0
2381 2 0 0 1 0 0 0 0 0
2439 2 1 1 0 0 0 1 0 0
2448 5 1 1 0 0 0 1 0 0
2457 3 0 0 0 0 0 0 0 0
2507 6 1 1 1 0 0 0 0 0
2515 1 0 0 1 0 0 0 0 0
2526 7 0 0 2 0 0 1 0 0
2534 2 1 1 0 0 0 0 0 0
2535 5 0 0 2 1 0 2 0 0
2537 5 0 0 2 0 0 0 0 0
2539 2 0 0 2 1 0 0 0 0
2540 2 0 0 0 0 0 0 0 0
2557 2 1 1 0 0 0 0 0 0
2583 2 0 0 1 1 1 0 0 0
2584 1 0 0 0 0 0 1 0 0
2585 3 0 0 1 0 0 1 0 0
2591 2 0 0 1 0 0 0 0 0
2594 4 2 2 2 0 0 0 0 0
2625 2 1 1 0 0 0 0 0 0
2634 5 0 0 0 0 0 1 0 0
2653 1 1 1 0 0 0 0 0 0
2656 2 0 0 0 0 0 0 0 0
2657 4 0 0 2 0 0 0 0 0
2659 2 0 0 0 0 0 0 0 0
2660 4 1 1 2 0 0 2 0 0
2672 3 0 0 1 0 0 0 0 0
2677 2 0 0 2 0 0 0 0 0
2678 2 0 0 0 0 0 0 0 0
2695 1 0 0 1 0 0 0 0 0
2696 1 1 1 0 0 0 1 0 0
2697 4 0 0 0 0 0 1 1 1
2698 2 0 0 1 0 0 1 0 0
2709 2 0 0 1 0 0 0 0 0
2742 2 1 1 1 0 0 0 0 0
2743 1 0 0 0 0 0 1 0 0
2748 2 1 1 1 0 0 0 0 0
2751 2 0 0 1 0 0 0 0 0
2752 1 0 0 0 0 0 0 0 0
2753 1 0 0 0 0 0 0 0 0
2754 1 0 0 0 0 0 1 0 0
2755 8 1 1 0 0 0 1 0 0
2756 2 0 0 0 0 0 1 0 0
2758 1 0 0 0 0 0 0 0 0
3447 4545 2 2 0 0 0 3030 0 0
3477 4040 0 0 0 0 0 0 0 0
3485 1010 0 0 505 0 0 0 0 0
3486 1512 0 0 0 0 0 0 0 0
3487 512 0 0 0 0 0 0 0 0
3488 504 1 1 504 0 0 0 0 0
3492 1008 0 0 0 0 0 0 0 0
3495 24 0 0 12 0 0 0 0 0
3496 12 0 0 0 0 0 0 0 0
3498 20 0 0 4 0 0 0 0 0
3521 1002 1 1 0 0 0 0 0 0
3522 1503 0 0 0 0 0 0 0 0
3523 1002 0 0 0 0 0 0 0 0
3525 1503 1 1 501 1 1 0 0 0
3526 2 0 0 0 0 0 0 0 0
3583 2505 1 1 501 0 0 0 0 0
3602 1002 1 1 0 0 0 501 0 0
3695 501 0 0 0 0 0 0 0 0
3711 1002 1 1 0 0 0 0 0 0
3782 501 0 0 0 0 0 0 0 0
3783 1002 0 0 0 0 0 0 0 0
3784 1002 0 0 0 0 0 0 0 0
3785 1503 0 0 501 0 0 0 0 0
3786 1503 0 0 0 0 0 0 0 0
3791 2505 0 0 0 0 0 0 0 0
3793 6012 1 1 0 0 0 0 0 0
3795 6012 0 0 1503 1 0 0 0 0
3891 501 1 1 501 0 0 0 0 0
3892 1503 0 0 501 0 0 0 0 0
3894 1002 0 0 501 0 0 0 0 0
3895 500 0 0 0 0 0 0 0 0
3896 500 0 0 0 0 0 0 0 0
3897 500 0 0 0 0 0 500 0 0
3898 5000 1 1 0 0 0 500 0 0
3900 1500 0 0 0 0 0 500 275 275
3903 504 0 0 0 0 0 0 0 0
3904 1512 1 1 504 0 0 0 0 0
3911 3 1 1 1 0 0 0 0 0
3915 2004 0 0 0 0 0 501 0 0
3917 12024 2 2 0 0 0 4509 0 0
3925 8 0 0 1 1 1 0 0 0
3926 1 0 0 0 0 0 0 0 0
3930 4545 0 0 3535 0 0 0 0 0
4247 3 1 1 1 0 0 0 0 0
fn=calloc
3251 735 0 0 0 0 0 630 1 0
3261 210 0 0 0 0 0 0 0 0
3264 525 1 1 0 0 0 0 0 0
3272 210 1 1 210 1 0 0 0 0
3273 210 0 0 0 0 0 0 0 0
3275 4 2 2 1 0 0 1 0 0
3276 2 0 0 0 0 0 0 0 0
3278 4 0 0 0 0 0 0 0 0
3283 1040 1 1 416 0 0 0 0 0
3290 104 0 0 104 0 0 0 0 0
3291 208 0 0 104 0 0 0 0 0
3298 312 0 0 0 0 0 0 0 0
3305 416 1 1 0 0 0 104 0 0
3308 1040 0 0 104 0 0 0 0 0
3331 416 1 1 208 0 0 0 0 0
3332 104 0 0 0 0 0 0 0 0
3335 312 0 0 104 0 0 0 0 0
3342 104 0 0 0 0 0 0 0 0
3345 820 3 2 104 0 0 0 0 0
3355 104 2 1 0 0 0 0 0 0
3356 208 0 0 0 0 0 0 0 0
3357 208 0 0 0 0 0 0 0 0
3359 208 0 0 0 0 0 0 0 0
3363 104 0 0 0 0 0 104 0 0
3364 104 0 0 0 0 0 104 0 0
3365 104 0 0 0 0 0 104 0 0
3366 208 0 0 0 0 0 0 0 0
3367 103 0 0 0 0 0 103 0 0
3368 103 0 0 0 0 0 103 0 0
3369 206 2 1 0 0 0 0 0 0
3381 943 0 0 734 1 0 0 0 0
fn=free
2861 428 1 1 428 0 0 0 0 0
2959 1866 1 1 1866 1 1 0 0 0
2960 1866 1 1 0 0 0 0 0 0
2965 1866 0 0 0 0 0 0 0 0
2968 505 0 0 0 0 0 0 0 0
2970 1515 0 0 505 0 0 0 0 0
2984 1515 0 0 0 0 0 0 0 0
2985 1515 0 0 0 0 0 0 0 0
fn=malloc
2910 2406 1 1 0 0 0 1604 0 0
2915 802 2 1 802 2 0 0 0 0
2916 802 0 0 0 0 0 0 0 0
2919 802 0 0 802 0 0 0 0 0
2921 3609 1 1 802 1 0 0 0 0
2924 1604 0 0 0 0 0 401 0 0
2925 802 0 0 0 0 0 0 0 0
2945 1604 0 0 802 0 0 0 0 0
2946 3208 1 1 401 0 0 0 0 0
2949 2807 0 0 2005 0 0 0 0 0
fl=/build/buildd/eglibc-2.15/malloc/morecore.c
fn=__default_morecore
48 2 1 1 0 0 0 0 0 0
49 2 0 0 0 0 0 2 0 0
51 6 0 0 0 0 0 0 0 0
53 4 0 0 2 0 0 0 0 0
fl=/build/buildd/eglibc-2.15/misc/../sysdeps/unix/syscall-template.S
fn=mmap
82 50 3 3 0 0 0 0 0 0
83 10 0 0 10 0 0 0 0 0
fn=mprotect
82 24 1 1 0 0 0 0 0 0
83 6 0 0 6 0 0 0 0 0
fn=munmap
82 4 0 0 0 0 0 0 0 0
83 1 0 0 1 0 0 0 0 0
fl=/build/buildd/eglibc-2.15/misc/../sysdeps/unix/sysv/linux/x86_64/brk.c
fn=brk
29 2 1 1 0 0 0 0 0 0
32 14 0 0 2 0 0 2 0 0
34 4 0 0 0 0 0 0 0 0
40 2 0 0 0 0 0 0 0 0
41 2 0 0 2 0 0 0 0 0
fl=/build/buildd/eglibc-2.15/misc/init-misc.c
fn=__init_misc
31 4 1 1 0 0 0 2 0 0
32 5 1 1 1 0 0 0 0 0
34 3 0 0 0 0 0 1 0 0
38 5 0 0 1 1 0 1 1 0
39 3 0 0 2 0 0 1 0 0
41 4 1 1 3 0 0 0 0 0
fl=/build/buildd/eglibc-2.15/misc/sbrk.c
fn=sbrk
35 10 1 1 0 0 0 6 0 0
43 11 0 0 5 3 1 0 0 0
44 6 2 2 1 0 0 1 1 0
45 1 0 0 0 0 0 0 0 0
47 4 0 0 0 0 0 0 0 0
51 4 0 0 0 0 0 0 0 0
54 1 0 0 0 0 0 1 0 0
55 3 0 0 0 0 0 0 0 0
58 12 0 0 8 0 0 0 0 0
fl=/build/buildd/eglibc-2.15/nptl/../nptl/sysdeps/unix/sysv/linux/register-atfork.c
fn=__linkin_atfork
117 2 1 1 1 1 1 1 0 0
118 2 0 0 0 0 0 0 0 0
119 4 0 0 2 1 0 0 0 0
120 1 0 0 1 0 0 0 0 0
fl=/build/buildd/eglibc-2.15/nptl/../nptl/sysdeps/unix/sysv/linux/unregister-atfork.c
fn=__unregister_atfork
29 3 0 0 0 0 0 1 0 0
37 1 1 1 1 1 0 0 0 0
40 4 0 0 0 0 0 0 0 0
41 2 0 0 1 1 0 0 0 0
46 1 0 0 1 0 0 0 0 0
122 2 0 0 2 0 0 0 0 0
fl=/build/buildd/eglibc-2.15/posix/../sysdeps/unix/syscall-template.S
fn=uname
82 4 1 1 0 0 0 0 0 0
83 1 0 0 1 0 0 0 0 0
fl=/build/buildd/eglibc-2.15/posix/../sysdeps/unix/sysv/linux/_exit.c
fn=_Exit
29 2 1 1 1 0 0 0 0 0
33 4 1 1 0 0 0 0 0 0
35 2 0 0 0 0 0 0 0 0
fl=/build/buildd/eglibc-2.15/setjmp/../sysdeps/x86_64/bsd-_setjmp.S
fn=_setjmp
34 1 1 1 0 0 0 0 0 0
36 1 0 0 0 0 0 0 0 0
fl=/build/buildd/eglibc-2.15/setjmp/../sysdeps/x86_64/setjmp.S
fn=__sigsetjmp
26 4 2 2 0 0 0 4 0 0
28 4 0 0 0 0 0 0 0 0
29 8 0 0 4 0 0 0 0 0
30 4 0 0 0 0 0 4 1 1
34 4 0 0 0 0 0 4 0 0
35 4 0 0 0 0 0 4 0 0
36 4 0 0 0 0 0 4 0 0
37 4 0 0 0 0 0 4 0 0
38 4 0 0 0 0 0 0 0 0
40 8 1 1 4 0 0 0 0 0
42 4 0 0 0 0 0 4 0 0
43 4 0 0 4 0 0 0 0 0
45 8 1 1 4 0 0 0 0 0
47 4 0 0 0 0 0 4 0 0
51 3 0 0 0 0 0 0 0 0
52 3 0 0 3 0 0 0 0 0
56 1 0 0 0 0 0 0 0 0
fl=/build/buildd/eglibc-2.15/setjmp/sigjmp.c
fn=__sigjmp_save
29 2 0 0 0 0 0 1 0 0
30 4 0 0 0 0 0 1 0 0
35 3 0 0 2 0 0 0 0 0
fl=/build/buildd/eglibc-2.15/stdio-common/_itoa.c
fn=_itoa_word
179 852 2 2 0 0 0 0 0 0
186 426 0 0 0 0 0 0 0 0
195 23562 1 1 1928 2 1 1928 3 2
204 426 0 0 213 0 0 0 0 0
fl=/build/buildd/eglibc-2.15/stdio-common/printf-parse.h
fn=vfprintf
99 2106 0 0 0 0 0 928 4 2
fl=/build/buildd/eglibc-2.15/stdio-common/vfprintf.c
fn=buffered_vfprintf
2280 72 1 1 0 0 0 48 1 0
2288 72 1 1 12 0 0 0 0 0
2292 12 1 1 0 0 0 12 2 0
2298 72 1 1 0 0 0 36 2 0
2299 12 0 0 0 0 0 12 1 0
2301 12 0 0 0 0 0 12 4 0
2306 12 0 0 0 0 0 12 2 0
2308 24 0 0 12 0 0 12 1 0
2309 24 0 0 0 0 0 12 0 0
2313 24 0 0 0 0 0 12 3 1
2319 72 1 1 24 1 0 24 0 0
2320 96 1 1 60 0 0 0 0 0
2332 60 0 0 24 0 0 0 0 0
2334 48 1 1 24 2 0 12 0 0
2335 36 0 0 0 0 0 0 0 0
2340 108 0 0 36 0 0 12 0 0
2341 24 1 1 0 0 0 0 0 0
2344 84 0 0 60 0 0 0 0 0
fn=vfprintf
211 2486 1 1 0 0 0 1356 2 1
216 428 0 0 0 0 0 428 2 1
246 678 0 0 452 1 0 226 6 2
250 214 0 0 0 0 0 214 4 2
253 214 1 1 0 0 0 214 0 0
259 214 0 0 0 0 0 214 4 2
1298 1128 4 3 226 3 0 2 0 0
1302 1130 0 0 226 0 0 0 0 0
1313 452 0 0 0 0 0 0 0 0
1316 72 1 1 0 0 0 12 2 0
1320 214 0 0 0 0 0 214 0 0
1324 1284 1 1 642 0 0 642 5 4
1328 214 0 0 0 0 0 214 0 0
1339 656 0 0 4 0 0 220 0 0
1340 12 1 1 8 0 0 0 0 0
1343 2782 2 2 642 3 0 214 0 0
1347 642 0 0 428 0 0 0 0 0
1351 1712 1 1 856 5 1 0 0 0
1378 250 0 0 0 0 0 250 4 2
1379 250 0 0 0 0 0 250 0 0
1380 250 0 0 0 0 0 250 0 0
1381 250 2 1 0 0 0 250 0 0
1382 250 0 0 0 0 0 250 0 0
1383 250 0 0 0 0 0 250 0 0
1384 250 0 0 0 0 0 250 0 0
1385 250 0 0 0 0 0 250 0 0
1386 250 0 0 0 0 0 250 0 0
1387 250 0 0 0 0 0 250 0 0
1388 250 2 1 0 0 0 250 0 0
1391 250 0 0 0 0 0 250 0 0
1392 250 0 0 0 0 0 250 0 0
1395 250 0 0 0 0 0 0 0 0
1396 500 0 0 0 0 0 250 0 0
1399 4500 4 2 1000 6 3 500 0 0
1629 23217 26 21 8307 0 0 2556 1 1
1630 2285 10 10 1101 11 6 185 0 0
1646 250 0 0 250 0 0 0 0 0
1648 500 2 1 0 0 0 0 0 0
1650 428 0 0 0 0 0 0 0 0
1656 500 0 0 250 0 0 0 0 0
1660 5000 3 2 1000 0 0 500 1 0
1662 500 0 0 250 0 0 0 0 0
2050 428 1 1 214 0 0 0 0 0
2052 428 1 1 214 0 0 214 0 0
2053 428 0 0 0 0 0 214 0 0
2055 654 0 0 218 0 0 2 0 0
2056 642 0 0 214 0 0 0 0 0
2059 1808 0 0 1582 0 0 0 0 0
fl=/build/buildd/eglibc-2.15/stdlib/bsearch.c
fn=bsearch
27 286 3 3 0 0 0 182 1 1
34 466 0 0 0 0 0 0 0 0
36 348 0 0 0 0 0 0 0 0
37 696 1 1 0 0 0 174 0 0
38 522 1 1 174 0 0 174 1 1
39 348 0 0 0 0 0 0 0 0
40 122 0 0 0 0 0 0 0 0
41 52 0 0 0 0 0 0 0 0
42 46 0 0 0 0 0 0 0 0
47 46 1 1 0 0 0 46 0 0
48 234 0 0 208 0 0 0 0 0
fl=/build/buildd/eglibc-2.15/stdlib/cxa_atexit.c
fn=__cxa_atexit
35 2 0 0 0 0 0 1 0 0
37 2 0 0 0 0 0 0 0 0
41 2 1 1 1 0 0 0 0 0
43 1 0 0 0 0 0 1 0 0
44 1 0 0 0 0 0 1 0 0
45 1 0 0 0 0 0 1 0 0
47 1 0 0 0 0 0 1 0 0
48 1 0 0 0 0 0 0 0 0
57 7 1 1 0 0 0 3 0 0
59 5 0 0 4 0 0 0 0 0
fn=__new_exitfn
73 4 1 1 0 0 0 2 0 0
79 6 1 1 2 2 1 0 0 0
81 10 1 1 2 1 0 0 0 0
83 3 1 1 1 1 0 0 0 0
91 1 0 0 0 0 0 1 0 0
94 2 1 1 0 0 0 0 0 0
98 2 0 0 0 0 0 0 0 0
112 1 0 0 0 0 0 0 0 0
113 2 0 0 0 0 0 1 0 0
126 1 1 1 0 0 0 1 0 0
127 1 0 0 1 1 1 0 0 0
130 4 0 0 2 0 0 0 0 0
133 5 0 0 3 0 0 0 0 0
fl=/build/buildd/eglibc-2.15/stdlib/cxa_finalize.c
fn=__cxa_finalize
31 8 1 1 0 0 0 6 0 0
35 7 2 2 2 0 0 0 0 0
39 6 0 0 1 0 0 0 0 0
49 1 0 0 0 0 0 0 0 0
67 6 1 1 2 0 0 0 0 0
71 6 0 0 1 1 1 0 0 0
79 2 0 0 0 0 0 0 0 0
80 2 0 0 0 0 0 0 0 0
82 7 0 0 6 0 0 0 0 0
fl=/build/buildd/eglibc-2.15/stdlib/exit.c
fn=__run_exit_handlers
37 8 2 2 0 0 0 4 0 0
42 3 0 0 0 0 0 0 0 0
46 4 0 0 0 0 0 0 0 0
48 4 0 0 0 0 0 1 0 0
49 1 0 0 0 0 0 0 0 0
50 5 1 1 1 0 0 0 0 0
74 1 0 0 1 0 0 0 0 0
76 2 0 0 1 0 0 0 0 0
78 3 1 1 1 0 0 1 0 0
79 3 0 0 2 1 0 0 0 0
83 2 0 0 1 0 0 1 0 0
84 2 0 0 0 0 0 0 0 0
87 1 0 0 1 0 0 0 0 0
90 2 0 0 0 0 0 0 0 0
91 8 0 0 1 1 0 1 0 0
93 2 0 0 0 0 0 1 0 0
fn=exit
99 1 0 0 0 0 0 0 0 0
100 3 2 2 0 0 0 1 0 0
fl=/build/buildd/eglibc-2.15/stdlib/rand.c
fn=rand
27 100 1 1 0 0 0 0 0 0
28 100 0 0 0 0 0 100 0 0
29 200 0 0 100 0 0 0 0 0
fl=/build/buildd/eglibc-2.15/stdlib/random.c
fn=random
293 100 1 1 0 0 0 0 0 0
296 600 1 1 200 0 0 0 0 0
298 300 0 0 0 0 0 100 0 0
300 400 0 0 200 0 0 0 0 0
302 100 0 0 100 0 0 0 0 0
303 200 0 0 100 0 0 0 0 0
fn=srand
211 2 1 1 0 0 0 0 0 0
212 6 1 1 2 1 1 0 0 0
213 3 0 0 0 0 0 1 0 0
214 4 1 1 2 0 0 0 0 0
215 2 0 0 1 0 0 0 0 0
fl=/build/buildd/eglibc-2.15/stdlib/random_r.c
fn=random_r
367 1640 1 1 0 0 0 0 0 0
370 1217 2 2 410 0 0 0 0 0
372 1230 0 0 410 0 0 0 0 0
381 410 0 0 410 0 0 0 0 0
382 410 0 0 410 0 0 0 0 0
383 410 0 0 410 0 0 0 0 0
386 1230 0 0 820 0 0 410 0 0
388 820 0 0 0 0 0 410 0 0
389 410 0 0 0 0 0 0 0 0
390 820 0 0 0 0 0 0 0 0
393 410 0 0 0 0 0 0 0 0
401 423 0 0 13 0 0 410 0 0
402 410 0 0 0 0 0 410 0 0
404 807 0 0 397 0 0 0 0 0
fn=srandom_r
165 4 1 1 0 0 0 2 0 0
173 2 0 0 0 0 0 0 0 0
175 1 0 0 1 1 0 0 0 0
176 2 0 0 0 0 0 0 0 0
179 1 0 0 1 0 0 0 0 0
181 3 1 1 0 0 0 0 0 0
183 1 0 0 0 0 0 1 1 1
184 2 0 0 0 0 0 0 0 0
189 1 0 0 1 0 0 0 0 0
190 94 0 0 0 0 0 0 0 0
195 212 0 0 0 0 0 0 0 0
196 60 1 1 0 0 0 0 0 0
197 90 0 0 0 0 0 0 0 0
199 90 0 0 0 0 0 0 0 0
200 30 0 0 0 0 0 30 2 2
203 3 0 0 1 1 0 1 0 0
204 1 0 0 0 0 0 1 0 0
205 1 0 0 0 0 0 0 0 0
206 934 1 1 0 0 0 0 0 0
209 930 0 0 0 0 0 310 0 0
213 3 0 0 0 0 0 0 0 0
216 1 0 0 0 0 0 0 0 0
217 4 0 0 3 0 0 0 0 0
fl=/build/buildd/eglibc-2.15/string/../string/memcmp.c
fn=bcmp
112 10 0 0 10 0 0 0 0 0
113 20 0 0 10 0 0 0 0 0
117 24 0 0 0 0 0 0 0 0
136 14 1 1 0 0 0 0 0 0
140 2 0 0 2 1 1 0 0 0
141 2 0 0 2 0 0 0 0 0
144 6 0 0 0 0 0 0 0 0
190 2 0 0 2 0 0 0 0 0
191 2 0 0 2 0 0 0 0 0
192 16 1 1 0 0 0 4 0 0
228 2 0 0 0 0 0 0 0 0
229 4 0 0 0 0 0 0 0 0
233 4 0 0 0 0 0 0 0 0
235 11 1 1 0 0 0 0 0 0
239 1 0 0 1 0 0 0 0 0
240 1 0 0 1 0 0 0 0 0
241 1 0 0 1 0 0 0 0 0
242 1 0 0 0 0 0 0 0 0
244 2 0 0 0 0 0 0 0 0
262 1 0 0 1 0 0 0 0 0
263 1 1 1 1 1 1 0 0 0
264 1 0 0 1 0 0 0 0 0
268 2 1 1 0 0 0 0 0 0
296 1 0 0 1 0 0 0 0 0
297 1 0 0 1 0 0 0 0 0
298 6 0 0 0 0 0 0 0 0
299 2 0 0 0 0 0 0 0 0
306 2 1 1 0 0 0 0 0 0
311 12 1 1 0 0 0 0 0 0
312 4 0 0 0 0 0 0 0 0
318 21 0 0 0 0 0 0 0 0
322 66 1 1 0 0 0 66 2 2
329 22 0 0 0 0 0 0 0 0
333 31 0 0 0 0 0 0 0 0
335 5 0 0 5 1 1 0 0 0
336 5 1 1 5 0 0 0 0 0
337 5 0 0 0 0 0 0 0 0
338 6 0 0 0 0 0 0 0 0
340 10 0 0 0 0 0 0 0 0
342 5 0 0 0 0 0 0 0 0
349 12 1 1 0 0 0 0 0 0
350 4 0 0 0 0 0 0 0 0
352 4 1 1 0 0 0 0 0 0
353 4 0 0 0 0 0 0 0 0
357 6 0 0 0 0 0 0 0 0
358 2 0 0 0 0 0 0 0 0
359 2 0 0 0 0 0 0 0 0
363 128 0 0 0 0 0 0 0 0
365 56 0 0 56 1 1 0 0 0
366 56 0 0 56 4 4 0 0 0
369 48 0 0 0 0 0 0 0 0
370 112 0 0 0 0 0 0 0 0
375 16 1 1 0 0 0 0 0 0
376 77 1 1 77 0 0 0 0 0
fl=/build/buildd/eglibc-2.15/string/../sysdeps/x86_64/memcpy.S
fn=mempcpy
62 5 1 1 0 0 0 0 0 0
66 5 0 0 0 0 0 0 0 0
69 4 0 0 0 0 0 0 0 0
70 4 0 0 0 0 0 0 0 0
72 1 0 0 1 1 1 0 0 0
73 1 0 0 0 0 0 1 1 1
75 1 1 1 0 0 0 0 0 0
76 1 0 0 0 0 0 0 0 0
81 4 1 0 0 0 0 0 0 0
82 4 0 0 0 0 0 0 0 0
84 3 0 0 3 0 0 0 0 0
85 3 0 0 0 0 0 3 0 0
87 3 0 0 0 0 0 0 0 0
88 3 0 0 0 0 0 0 0 0
93 4 0 0 0 0 0 0 0 0
94 4 0 0 0 0 0 0 0 0
96 2 0 0 2 0 0 0 0 0
97 2 0 0 0 0 0 2 0 0
99 2 0 0 0 0 0 0 0 0
100 2 0 0 0 0 0 0 0 0
105 4 0 0 0 0 0 0 0 0
106 4 0 0 0 0 0 0 0 0
117 4 2 1 0 0 0 0 0 0
118 6 0 0 0 0 0 0 0 0
123 2 0 0 2 1 0 0 0 0
124 2 0 0 2 0 0 0 0 0
125 2 0 0 0 0 0 2 2 2
126 2 0 0 0 0 0 2 0 0
128 2 0 0 0 0 0 0 0 0
130 2 0 0 0 0 0 0 0 0
131 2 0 0 0 0 0 0 0 0
133 2 0 0 0 0 0 0 0 0
139 4 0 0 0 0 0 0 0 0
143 4 0 0 4 0 0 0 0 0
155 2 0 0 0 0 0 0 0 0
157 2 0 0 0 0 0 0 0 0
158 2 0 0 0 0 0 0 0 0
184 2 1 1 0 0 0 0 0 0
185 2 0 0 0 0 0 0 0 0
188 2 0 0 0 0 0 0 0 0
189 2 0 0 0 0 0 0 0 0
190 2 0 0 0 0 0 0 0 0
195 2 0 0 0 0 0 0 0 0
197 2 0 0 2 0 0 0 0 0
198 2 0 0 2 0 0 0 0 0
199 2 0 0 2 0 0 0 0 0
200 2 1 1 2 0 0 0 0 0
202 2 0 0 0 0 0 2 0 0
203 2 0 0 0 0 0 2 0 0
204 2 0 0 0 0 0 2 0 0
205 2 0 0 0 0 0 2 0 0
207 2 0 0 0 0 0 0 0 0
208 2 0 0 0 0 0 0 0 0
210 2 0 0 0 0 0 0 0 0
232 2 1 1 0 0 0 0 0 0
234 2 0 0 0 0 0 0 0 0
236 1 0 0 0 0 0 0 0 0
243 1 0 0 1 0 0 0 0 0
fl=/build/buildd/eglibc-2.15/string/../sysdeps/x86_64/multiarch/../cacheinfo.c
fn=handle_intel
307 32 4 4 0 0 0 24 0 0
308 8 0 0 0 0 0 0 0 0
313 4 0 0 0 0 0 0 0 0
319 4 0 0 0 0 0 0 0 0
321 4 0 0 0 0 0 4 0 0
322 4 0 0 0 0 0 4 0 0
324 4 0 0 0 0 0 0 0 0
330 16 0 0 0 0 0 0 0 0
335 8 0 0 0 0 0 0 0 0
337 4 2 2 0 0 0 0 0 0
338 8 0 0 0 0 0 0 0 0
342 20 2 2 0 0 0 4 0 0
343 8 0 0 0 0 0 0 0 0
346 20 0 0 0 0 0 4 0 0
347 8 0 0 0 0 0 0 0 0
350 10 0 0 0 0 0 2 0 0
351 4 0 0 0 0 0 0 0 0
354 10 0 0 0 0 0 2 0 0
355 4 0 0 0 0 0 0 0 0
364 32 2 2 28 0 0 0 0 0
fn=init_cacheinfo
552 6 2 2 0 0 0 6 0 0
565 6 0 0 2 1 1 0 0 0
566 3 1 1 1 0 0 1 0 0
572 4 0 0 0 0 0 0 0 0
574 8 1 1 2 0 0 2 0 0
577 2 0 0 0 0 0 0 0 0
578 8 1 1 2 0 0 2 0 0
580 4 1 1 0 0 0 0 0 0
591 2 0 0 2 0 0 0 0 0
609 8 0 0 2 0 0 0 0 0
616 34 0 0 0 0 0 0 0 0
622 16 1 1 0 0 0 0 0 0
625 40 1 1 0 0 0 0 0 0
627 2 0 0 0 0 0 0 0 0
633 12 0 0 0 0 0 0 0 0
640 18 0 0 0 0 0 0 0 0
642 4 0 0 0 0 0 0 0 0
644 16 1 1 0 0 0 0 0 0
646 8 1 1 0 0 0 0 0 0
651 2 0 0 0 0 0 0 0 0
653 8 0 0 0 0 0 0 0 0
654 4 0 0 0 0 0 0 0 0
659 2 0 0 0 0 0 0 0 0
671 8 0 0 0 0 0 0 0 0
672 14 2 2 0 0 0 0 0 0
746 4 0 0 0 0 0 0 0 0
748 6 0 0 0 0 0 2 0 0
749 2 1 1 0 0 0 2 2 2
751 2 0 0 0 0 0 0 0 0
752 6 0 0 0 0 0 2 0 0
753 2 1 1 0 0 0 2 1 1
756 4 0 0 0 0 0 0 0 0
758 6 0 0 0 0 0 2 0 0
759 2 0 0 0 0 0 2 2 2
761 2 0 0 0 0 0 0 0 0
762 6 0 0 0 0 0 2 0 0
763 2 0 0 0 0 0 2 0 0
765 8 0 0 8 0 0 0 0 0
fn=intel_02_known_compare
152 522 2 2 348 16 16 0 0 0
153 174 0 0 0 0 0 0 0 0
155 336 0 0 0 0 0 0 0 0
156 174 0 0 174 0 0 0 0 0
fn=intel_check_word
163 120 2 2 0 0 0 60 0 0
164 24 0 0 0 0 0 0 0 0
170 80 2 2 0 0 0 0 0 0
172 56 0 0 0 0 0 0 0 0
174 26 2 2 0 0 0 0 0 0
176 52 0 0 0 0 0 0 0 0
184 52 0 0 0 0 0 0 0 0
237 52 0 0 0 0 0 0 0 0
272 26 0 0 0 0 0 26 0 0
273 156 2 2 0 0 0 26 0 0
275 52 0 0 0 0 0 0 0 0
277 24 0 0 6 0 0 0 0 0
279 4 2 2 0 0 0 0 0 0
281 8 0 0 0 0 0 0 0 0
283 8 2 2 4 0 0 0 0 0
291 4 0 0 0 0 0 0 0 0
297 22 0 0 0 0 0 0 0 0
301 8 0 0 0 0 0 0 0 0
302 84 0 0 72 0 0 0 0 0
fl=/build/buildd/eglibc-2.15/string/../sysdeps/x86_64/multiarch/../memcpy.S
fn=memcpy
62 11 1 1 0 0 0 0 0 0
64 11 0 0 0 0 0 0 0 0
66 11 0 0 0 0 0 0 0 0
69 9 0 0 0 0 0 0 0 0
70 9 0 0 0 0 0 0 0 0
72 1 0 0 1 0 0 0 0 0
73 1 0 0 0 0 0 1 1 1
75 1 0 0 0 0 0 0 0 0
76 1 0 0 0 0 0 0 0 0
81 9 0 0 0 0 0 0 0 0
82 9 0 0 0 0 0 0 0 0
84 4 0 0 4 0 0 0 0 0
85 4 0 0 0 0 0 4 3 3
87 4 0 0 0 0 0 0 0 0
88 8 0 0 0 0 0 0 0 0
93 9 1 1 0 0 0 0 0 0
94 9 0 0 0 0 0 0 0 0
96 2 0 0 2 0 0 0 0 0
97 2 0 0 0 0 0 2 0 0
99 2 0 0 0 0 0 0 0 0
100 2 0 0 0 0 0 0 0 0
105 9 0 0 0 0 0 0 0 0
106 9 0 0 0 0 0 0 0 0
108 3 0 0 3 0 0 0 0 0
109 3 0 0 0 0 0 3 1 1
111 3 0 0 0 0 0 0 0 0
112 3 0 0 0 0 0 0 0 0
117 9 0 0 0 0 0 0 0 0
118 14 0 0 0 0 0 0 0 0
123 5 0 0 5 0 0 0 0 0
124 5 0 0 5 0 0 0 0 0
125 5 0 0 0 0 0 5 0 0
126 5 0 0 0 0 0 5 0 0
128 5 0 0 0 0 0 0 0 0
130 5 0 0 0 0 0 0 0 0
131 5 0 0 0 0 0 0 0 0
133 5 0 0 0 0 0 0 0 0
141 9 1 1 9 0 0 0 0 0
149 5 0 0 0 0 0 5 0 0
155 5 0 0 0 0 0 0 0 0
157 5 0 0 0 0 0 0 0 0
158 5 0 0 0 0 0 0 0 0
161 1 0 0 0 0 0 0 0 0
162 2 0 0 0 0 0 0 0 0
167 4 1 1 4 0 0 0 0 0
168 4 0 0 0 0 0 4 0 0
170 4 0 0 0 0 0 0 0 0
172 4 0 0 0 0 0 0 0 0
173 4 0 0 0 0 0 0 0 0
175 5 0 0 0 0 0 0 0 0
184 5 0 0 0 0 0 0 0 0
185 5 0 0 0 0 0 0 0 0
188 5 0 0 0 0 0 0 0 0
189 5 0 0 0 0 0 0 0 0
190 5 0 0 0 0 0 0 0 0
195 5 0 0 0 0 0 0 0 0
197 5 0 0 5 0 0 0 0 0
198 5 0 0 5 0 0 0 0 0
199 5 0 0 5 0 0 0 0 0
200 5 1 1 5 0 0 0 0 0
202 5 0 0 0 0 0 5 2 2
203 5 0 0 0 0 0 5 0 0
204 5 0 0 0 0 0 5 0 0
205 5 0 0 0 0 0 5 0 0
207 5 0 0 0 0 0 0 0 0
208 5 0 0 0 0 0 0 0 0
210 5 0 0 0 0 0 0 0 0
232 5 1 1 0 0 0 0 0 0
238 5 0 0 5 0 0 0 0 0
239 5 0 0 0 0 0 0 0 0
241 2 0 0 2 0 0 0 0 0
fl=/build/buildd/eglibc-2.15/string/../sysdeps/x86_64/multiarch/../memset.S
fn=__GI_memset
44 1 1 1 0 0 0 0 0 0
45 1 0 0 0 0 0 0 0 0
46 1 0 0 0 0 0 0 0 0
50 1 0 0 0 0 0 0 0 0
51 1 0 0 0 0 0 0 0 0
52 1 0 0 0 0 0 0 0 0
53 1 1 1 0 0 0 0 0 0
55 1 0 0 0 0 0 0 0 0
56 1 0 0 0 0 0 0 0 0
58 1 0 0 0 0 0 0 0 0
63 1 0 0 0 0 0 0 0 0
64 1 0 0 0 0 0 0 0 0
65 1 0 0 1 1 1 0 0 0
66 1 0 0 0 0 0 0 0 0
67 1 0 0 0 0 0 0 0 0
337 1 1 1 0 0 0 1 0 0
338 1 0 0 0 0 0 1 0 0
339 1 0 0 0 0 0 1 0 0
340 1 0 0 1 0 0 0 0 0
fn=memset
44 9 2 1 0 0 0 0 0 0
45 9 0 0 0 0 0 0 0 0
46 9 0 0 0 0 0 0 0 0
47 2 0 0 0 0 0 2 0 0
48 2 0 0 2 0 0 0 0 0
50 7 0 0 0 0 0 0 0 0
51 7 0 0 0 0 0 0 0 0
52 7 0 0 0 0 0 0 0 0
53 7 2 1 0 0 0 0 0 0
55 7 0 0 0 0 0 0 0 0
56 7 0 0 0 0 0 0 0 0
58 6 0 0 0 0 0 0 0 0
63 6 0 0 0 0 0 0 0 0
64 6 0 0 0 0 0 0 0 0
65 6 0 0 6 3 2 0 0 0
66 6 0 0 0 0 0 0 0 0
67 6 0 0 0 0 0 0 0 0
328 1 0 0 0 0 0 1 0 0
329 1 0 0 0 0 0 1 0 0
330 1 0 0 0 0 0 1 0 0
331 1 0 0 0 0 0 1 0 0
332 1 0 0 0 0 0 1 1 1
333 1 0 0 0 0 0 1 0 0
334 1 0 0 0 0 0 1 0 0
335 1 0 0 0 0 0 1 0 0
336 2 1 1 0 0 0 2 0 0
337 2 0 0 0 0 0 2 0 0
338 3 1 1 0 0 0 3 1 1
339 3 0 0 0 0 0 3 0 0
340 3 0 0 3 0 0 0 0 0
365 2 2 1 0 0 0 2 0 0
366 2 0 0 2 0 0 0 0 0
416 2 2 1 0 0 0 2 0 0
417 2 0 0 2 0 0 0 0 0
504 1 1 1 0 0 0 0 0 0
505 1 0 0 0 0 0 0 0 0
506 1 0 0 0 0 0 0 0 0
507 1 1 1 0 0 0 0 0 0
508 1 0 0 0 0 0 0 0 0
509 1 0 0 0 0 0 0 0 0
510 1 0 0 0 0 0 0 0 0
515 1 0 0 0 0 0 0 0 0
516 1 0 0 0 0 0 0 0 0
517 1 0 0 1 1 1 0 0 0
518 1 0 0 0 0 0 0 0 0
519 1 0 0 0 0 0 0 0 0
593 1 1 1 0 0 0 0 0 0
1214 1 0 0 0 0 0 0 0 0
1215 2 0 0 0 0 0 0 0 0
1219 1 1 1 0 0 0 0 0 0
1220 1 0 0 0 0 0 0 0 0
1221 2 0 0 0 0 0 0 0 0
1226 15 0 0 0 0 0 0 0 0
1228 15 0 0 0 0 0 15 1 1
1229 15 0 0 0 0 0 15 0 0
1230 15 0 0 0 0 0 15 0 0
1231 15 0 0 0 0 0 15 0 0
1232 15 0 0 0 0 0 15 15 15
1233 15 0 0 0 0 0 15 0 0
1234 15 0 0 0 0 0 15 0 0
1235 15 0 0 0 0 0 15 0 0
1236 15 0 0 0 0 0 15 0 0
1237 15 0 0 0 0 0 15 0 0
1238 15 0 0 0 0 0 15 0 0
1239 15 1 1 0 0 0 15 0 0
1240 15 0 0 0 0 0 15 15 15
1241 15 0 0 0 0 0 15 0 0
1242 15 0 0 0 0 0 15 0 0
1243 15 0 0 0 0 0 15 0 0
1245 15 0 0 0 0 0 0 0 0
1247 15 0 0 0 0 0 0 0 0
1250 1 0 0 0 0 0 0 0 0
1251 1 0 0 0 0 0 0 0 0
1257 1 0 0 0 0 0 0 0 0
1258 1 0 0 0 0 0 0 0 0
1259 1 0 0 1 1 1 0 0 0
1260 1 0 0 0 0 0 0 0 0
1261 1 0 0 0 0 0 0 0 0
fl=/build/buildd/eglibc-2.15/string/../sysdeps/x86_64/multiarch/../rtld-strlen.S
fn=strlen
29 10 1 1 0 0 0 0 0 0
30 10 0 0 0 0 0 0 0 0
31 10 0 0 0 0 0 0 0 0
32 10 0 0 0 0 0 0 0 0
34 3 0 0 0 0 0 0 0 0
35 3 0 0 0 0 0 0 0 0
37 8 1 1 8 0 0 0 0 0
38 8 0 0 0 0 0 0 0 0
39 7 0 0 0 0 0 0 0 0
40 7 0 0 0 0 0 0 0 0
41 7 0 0 0 0 0 0 0 0
43 18 0 0 0 0 0 0 0 0
48 13 0 0 13 0 0 0 0 0
49 13 0 0 0 0 0 0 0 0
50 13 0 0 0 0 0 0 0 0
51 13 0 0 0 0 0 0 0 0
54 13 0 0 0 0 0 0 0 0
55 12 0 0 0 0 0 0 0 0
56 12 0 0 0 0 0 0 0 0
57 12 0 0 0 0 0 0 0 0
59 12 0 0 0 0 0 0 0 0
62 12 0 0 12 0 0 0 0 0
63 12 1 1 0 0 0 0 0 0
64 12 0 0 0 0 0 0 0 0
65 12 0 0 0 0 0 0 0 0
68 12 0 0 0 0 0 0 0 0
69 12 0 0 0 0 0 0 0 0
70 12 0 0 0 0 0 0 0 0
71 12 0 0 0 0 0 0 0 0
73 12 0 0 0 0 0 0 0 0
76 10 0 0 10 0 0 0 0 0
77 10 0 0 0 0 0 0 0 0
78 10 0 0 0 0 0 0 0 0
79 10 0 0 0 0 0 0 0 0
82 10 0 0 0 0 0 0 0 0
83 7 0 0 0 0 0 0 0 0
84 7 0 0 0 0 0 0 0 0
85 7 0 0 0 0 0 0 0 0
87 7 0 0 0 0 0 0 0 0
90 6 0 0 6 0 0 0 0 0
91 6 0 0 0 0 0 0 0 0
92 6 0 0 0 0 0 0 0 0
93 6 0 0 0 0 0 0 0 0
96 6 0 0 0 0 0 0 0 0
97 4 0 0 0 0 0 0 0 0
98 4 0 0 0 0 0 0 0 0
99 4 0 0 0 0 0 0 0 0
101 4 0 0 0 0 0 0 0 0
104 9 1 1 0 0 0 0 0 0
106 9 0 0 0 0 0 0 0 0
107 9 0 0 0 0 0 0 0 0
108 9 0 0 0 0 0 0 0 0
110 9 0 0 0 0 0 0 0 0
111 9 0 0 0 0 0 0 0 0
112 6 0 0 0 0 0 0 0 0
114 6 0 0 0 0 0 0 0 0
115 6 0 0 0 0 0 0 0 0
116 6 0 0 0 0 0 0 0 0
118 6 0 0 0 0 0 0 0 0
119 6 0 0 0 0 0 0 0 0
120 5 0 0 0 0 0 0 0 0
122 5 0 0 0 0 0 0 0 0
124 5 0 0 0 0 0 0 0 0
125 5 0 0 0 0 0 0 0 0
126 5 0 0 0 0 0 0 0 0
128 5 0 0 0 0 0 0 0 0
129 5 0 0 0 0 0 0 0 0
130 2 0 0 0 0 0 0 0 0
132 2 0 0 0 0 0 0 0 0
133 2 0 0 0 0 0 0 0 0
134 2 0 0 0 0 0 0 0 0
136 10 1 1 0 0 0 0 0 0
137 10 0 0 10 0 0 0 0 0
fl=/build/buildd/eglibc-2.15/string/../sysdeps/x86_64/multiarch/../strchr.S
fn=index
26 5 1 1 0 0 0 0 0 0
27 5 0 0 0 0 0 0 0 0
28 5 0 0 0 0 0 0 0 0
29 5 0 0 0 0 0 0 0 0
30 5 0 0 0 0 0 0 0 0
31 5 0 0 0 0 0 0 0 0
32 5 0 0 0 0 0 0 0 0
33 5 0 0 5 2 2 0 0 0
34 5 1 1 0 0 0 0 0 0
35 5 0 0 0 0 0 0 0 0
36 5 0 0 0 0 0 0 0 0
37 5 0 0 0 0 0 0 0 0
38 5 0 0 0 0 0 0 0 0
39 5 0 0 0 0 0 0 0 0
40 5 0 0 0 0 0 0 0 0
41 5 0 0 0 0 0 0 0 0
42 5 0 0 0 0 0 0 0 0
43 5 0 0 0 0 0 0 0 0
44 5 0 0 0 0 0 0 0 0
45 5 0 0 0 0 0 0 0 0
46 5 0 0 0 0 0 0 0 0
48 6 0 0 6 0 0 0 0 0
49 6 0 0 0 0 0 0 0 0
50 6 0 0 0 0 0 0 0 0
51 6 0 0 0 0 0 0 0 0
52 6 0 0 0 0 0 0 0 0
53 6 0 0 0 0 0 0 0 0
54 6 0 0 0 0 0 0 0 0
55 6 0 0 0 0 0 0 0 0
56 6 0 0 0 0 0 0 0 0
58 5 0 0 0 0 0 0 0 0
59 5 0 0 0 0 0 0 0 0
60 1 0 0 0 0 0 0 0 0
61 1 0 0 0 0 0 0 0 0
62 1 0 0 0 0 0 0 0 0
63 1 0 0 0 0 0 0 0 0
64 4 0 0 0 0 0 0 0 0
65 5 0 0 5 0 0 0 0 0
fl=/build/buildd/eglibc-2.15/string/../sysdeps/x86_64/multiarch/../strcmp.S
fn=strcmp
135 1665 1 1 1665 34 17 0 0 0
136 1665 0 0 1665 11 4 0 0 0
137 1665 0 0 0 0 0 0 0 0
138 1549 0 0 0 0 0 0 0 0
139 1549 0 0 0 0 0 0 0 0
140 1549 0 0 0 0 0 0 0 0
141 1549 0 0 0 0 0 0 0 0
143 132 0 0 0 0 0 0 0 0
144 132 0 0 132 0 0 0 0 0
146 116 0 0 0 0 0 0 0 0
147 116 0 0 0 0 0 0 0 0
148 116 0 0 0 0 0 0 0 0
149 116 1 1 116 0 0 0 0 0
fl=/build/buildd/eglibc-2.15/string/../sysdeps/x86_64/multiarch/../strlen.S
fn=__GI_strlen
26 1 1 1 0 0 0 0 0 0
27 1 0 0 0 0 0 0 0 0
28 1 0 0 0 0 0 0 0 0
29 1 0 0 0 0 0 0 0 0
30 1 0 0 0 0 0 0 0 0
31 1 0 0 0 0 0 0 0 0
32 1 0 0 1 1 0 0 0 0
33 1 0 0 0 0 0 0 0 0
34 1 0 0 0 0 0 0 0 0
35 1 0 0 0 0 0 0 0 0
36 1 0 0 0 0 0 0 0 0
37 1 0 0 0 0 0 0 0 0
38 1 0 0 0 0 0 0 0 0
39 1 0 0 0 0 0 0 0 0
51 1 1 1 0 0 0 0 0 0
52 1 0 0 0 0 0 0 0 0
53 1 0 0 0 0 0 0 0 0
54 2 0 0 0 0 0 0 0 0
57 1 0 0 1 0 0 0 0 0
58 1 0 0 0 0 0 0 0 0
59 1 0 0 0 0 0 0 0 0
60 1 0 0 0 0 0 0 0 0
85 1 1 1 0 0 0 0 0 0
86 1 0 0 0 0 0 0 0 0
87 1 0 0 0 0 0 0 0 0
88 1 0 0 1 0 0 0 0 0
fl=/build/buildd/eglibc-2.15/string/../sysdeps/x86_64/multiarch/../strrchr.S
fn=__GI_strrchr
26 1 1 1 0 0 0 0 0 0
27 1 0 0 0 0 0 0 0 0
28 1 0 0 0 0 0 0 0 0
29 1 0 0 0 0 0 0 0 0
30 1 0 0 0 0 0 0 0 0
31 1 0 0 0 0 0 0 0 0
32 1 0 0 0 0 0 0 0 0
33 1 0 0 1 1 0 0 0 0
34 1 0 0 0 0 0 0 0 0
35 1 0 0 0 0 0 0 0 0
36 1 0 0 0 0 0 0 0 0
37 1 0 0 0 0 0 0 0 0
38 1 1 1 0 0 0 0 0 0
39 1 0 0 0 0 0 0 0 0
40 1 0 0 0 0 0 0 0 0
41 1 0 0 0 0 0 0 0 0
42 1 0 0 0 0 0 0 0 0
43 1 0 0 0 0 0 0 0 0
44 1 0 0 0 0 0 0 0 0
45 1 0 0 0 0 0 0 0 0
46 1 0 0 0 0 0 0 0 0
47 1 0 0 0 0 0 0 0 0
48 1 0 0 0 0 0 0 0 0
50 1 0 0 1 0 0 0 0 0
51 1 0 0 0 0 0 0 0 0
52 1 0 0 0 0 0 0 0 0
53 1 0 0 0 0 0 0 0 0
54 1 0 0 0 0 0 0 0 0
55 1 0 0 0 0 0 0 0 0
56 1 0 0 0 0 0 0 0 0
57 1 0 0 0 0 0 0 0 0
58 1 0 0 0 0 0 0 0 0
59 1 0 0 0 0 0 0 0 0
61 2 1 1 0 0 0 0 0 0
62 2 0 0 0 0 0 0 0 0
63 2 0 0 0 0 0 0 0 0
64 2 0 0 0 0 0 0 0 0
66 1 0 0 0 0 0 0 0 0
67 1 0 0 0 0 0 0 0 0
68 1 0 0 0 0 0 0 0 0
69 1 0 0 0 0 0 0 0 0
71 1 0 0 0 0 0 0 0 0
72 1 0 0 0 0 0 0 0 0
73 1 0 0 0 0 0 0 0 0
74 1 0 0 0 0 0 0 0 0
75 1 0 0 0 0 0 0 0 0
77 1 0 0 1 0 0 0 0 0
fl=/build/buildd/eglibc-2.15/string/../sysdeps/x86_64/multiarch/memcpy-ssse3-back.S
fn=__memcpy_ssse3_back
60 200 1 1 0 0 0 0 0 0
74 200 0 0 0 0 0 0 0 0
75 200 0 0 0 0 0 0 0 0
79 200 0 0 0 0 0 0 0 0
80 200 0 0 0 0 0 0 0 0
82 74 0 0 0 0 0 0 0 0
83 74 0 0 0 0 0 0 0 0
84 296 0 0 74 1 1 0 0 0
88 504 1 1 126 1 1 0 0 0
2254 74 1 1 74 0 0 0 0 0
2255 74 0 0 0 0 0 74 0 0
2256 74 0 0 74 0 0 0 0 0
2830 126 1 1 126 0 0 0 0 0
2831 126 0 0 0 0 0 126 0 0
2832 126 0 0 126 0 0 0 0 0
fl=/build/buildd/eglibc-2.15/string/../sysdeps/x86_64/multiarch/memcpy.S
fn=memcpy@@GLIBC_2.14
33 1 1 1 1 0 0 0 0 0
34 1 0 0 0 0 0 0 0 0
36 1 1 1 0 0 0 0 0 0
37 1 0 0 1 0 0 0 0 0
38 1 0 0 0 0 0 0 0 0
39 1 0 0 0 0 0 0 0 0
40 1 0 0 1 0 0 0 0 0
41 1 0 0 0 0 0 0 0 0
42 1 0 0 0 0 0 0 0 0
43 1 0 0 1 0 0 0 0 0
fl=/build/buildd/eglibc-2.15/string/../sysdeps/x86_64/multiarch/strcmp.S
fn=strcasecmp
106 1 1 1 1 1 1 0 0 0
107 1 0 0 0 0 0 0 0 0
108 1 0 0 0 0 0 1 0 0
111 1 0 0 0 0 0 0 0 0
112 1 0 0 1 0 0 0 0 0
113 1 0 0 0 0 0 0 0 0
115 1 0 0 0 0 0 0 0 0
116 1 0 0 1 0 0 0 0 0
117 1 0 0 0 0 0 0 0 0
122 1 1 1 1 0 0 0 0 0
fn=strncasecmp
130 1 1 1 1 0 0 0 0 0
131 1 0 0 0 0 0 0 0 0
135 1 0 0 0 0 0 0 0 0
136 1 0 0 1 0 0 0 0 0
137 1 0 0 0 0 0 0 0 0
139 1 0 0 0 0 0 0 0 0
140 1 1 1 1 0 0 0 0 0
141 1 0 0 0 0 0 0 0 0
146 1 0 0 1 0 0 0 0 0
fl=/build/buildd/eglibc-2.15/string/../sysdeps/x86_64/multiarch/strlen-sse2-pminub.S
fn=__strlen_sse2_pminub
33 600 1 1 0 0 0 0 0 0
34 600 0 0 0 0 0 0 0 0
35 600 0 0 0 0 0 0 0 0
36 600 0 0 0 0 0 0 0 0
37 600 0 0 0 0 0 0 0 0
38 600 0 0 0 0 0 0 0 0
39 400 0 0 400 1 1 0 0 0
40 400 0 0 0 0 0 0 0 0
41 400 0 0 0 0 0 0 0 0
42 400 0 0 0 0 0 0 0 0
43 400 0 0 0 0 0 0 0 0
48 200 1 1 0 0 0 0 0 0
49 200 0 0 0 0 0 0 0 0
50 200 0 0 200 1 0 0 0 0
51 200 0 0 0 0 0 0 0 0
52 200 0 0 0 0 0 0 0 0
53 200 0 0 0 0 0 0 0 0
54 200 0 0 0 0 0 0 0 0
55 200 0 0 0 0 0 0 0 0
56 200 0 0 0 0 0 0 0 0
223 200 1 1 0 0 0 0 0 0
225 600 0 0 0 0 0 0 0 0
226 600 0 0 0 0 0 0 0 0
227 600 0 0 600 0 0 0 0 0
fl=/build/buildd/eglibc-2.15/string/../sysdeps/x86_64/multiarch/strlen.S
fn=strlen
32 1 1 1 1 1 0 0 0 0
33 1 0 0 0 0 0 0 0 0
35 1 1 1 0 0 0 0 0 0
36 1 0 0 1 1 0 0 0 0
37 1 0 0 0 0 0 0 0 0
43 1 0 0 1 0 0 0 0 0
44 1 0 0 0 0 0 0 0 0
46 1 0 0 1 0 0 0 0 0
fl=/build/buildd/eglibc-2.15/string/../sysdeps/x86_64/multiarch/strnlen.S
fn=strnlen
30 1 1 1 1 0 0 0 0 0
31 1 0 0 0 0 0 0 0 0
33 1 0 0 0 0 0 0 0 0
34 1 0 0 1 0 0 0 0 0
35 1 1 1 0 0 0 0 0 0
37 1 0 0 1 0 0 0 0 0
fl=/build/buildd/eglibc-2.15/string/../sysdeps/x86_64/strchrnul.S
fn=strchrnul
27 464 1 1 0 0 0 0 0 0
28 464 0 0 0 0 0 0 0 0
29 464 0 0 0 0 0 0 0 0
30 464 0 0 0 0 0 0 0 0
31 464 0 0 0 0 0 0 0 0
32 464 0 0 0 0 0 0 0 0
33 464 0 0 0 0 0 0 0 0
34 464 0 0 464 3 2 0 0 0
35 464 0 0 0 0 0 0 0 0
36 464 0 0 0 0 0 0 0 0
37 464 0 0 0 0 0 0 0 0
38 464 0 0 0 0 0 0 0 0
39 464 2 1 0 0 0 0 0 0
40 464 0 0 0 0 0 0 0 0
41 464 0 0 0 0 0 0 0 0
42 464 0 0 0 0 0 0 0 0
43 464 0 0 0 0 0 0 0 0
44 464 0 0 0 0 0 0 0 0
45 464 0 0 0 0 0 0 0 0
46 464 0 0 0 0 0 0 0 0
48 21 0 0 21 2 1 0 0 0
49 21 0 0 0 0 0 0 0 0
50 21 0 0 0 0 0 0 0 0
51 21 0 0 0 0 0 0 0 0
52 21 0 0 0 0 0 0 0 0
53 21 0 0 0 0 0 0 0 0
54 21 0 0 0 0 0 0 0 0
55 21 0 0 0 0 0 0 0 0
56 21 0 0 0 0 0 0 0 0
58 464 0 0 0 0 0 0 0 0
59 464 0 0 0 0 0 0 0 0
60 464 0 0 464 0 0 0 0 0
fl=/build/buildd/eglibc-2.15/time/../sysdeps/generic/dl-hash.h
fn=gettimeofday
44 1 0 0 0 0 0 0 0 0
45 1 0 0 0 0 0 0 0 0
46 13 0 0 4 0 0 0 0 0
49 16 1 1 0 0 0 0 0 0
50 8 0 0 0 0 0 0 0 0
63 8 0 0 0 0 0 0 0 0
68 1 0 0 0 0 0 0 0 0
fn=time
44 2 0 0 0 0 0 0 0 0
45 2 0 0 0 0 0 0 0 0
46 26 0 0 8 2 1 0 0 0
49 32 0 0 0 0 0 0 0 0
50 16 0 0 0 0 0 0 0 0
63 16 0 0 0 0 0 0 0 0
68 2 0 0 0 0 0 0 0 0
fl=/build/buildd/eglibc-2.15/time/../sysdeps/unix/sysv/linux/x86_64/gettimeofday.c
fn=gettimeofday
30 1 0 0 0 0 0 0 0 0
31 7 2 2 0 0 0 4 0 0
34 3 0 0 0 0 0 1 0 0
35 3 0 0 0 0 0 0 0 0
36 2 0 0 1 0 0 0 0 0
fl=/build/buildd/eglibc-2.15/time/../sysdeps/unix/sysv/linux/x86_64/time.c
fn=time
28 2 0 0 0 0 0 0 0 0
29 14 2 2 0 0 0 8 0 0
32 12 2 1 0 0 0 2 0 0
33 4 0 0 2 0 0 0 0 0
fl=/home/cicopr/c_in_y/ex40/liblcthw/src/bstree.c
fn=BSTree_create
12 8 2 2 0 0 0 4 0 0
13 8 0 0 0 0 0 2 1 0
14 4 0 0 0 0 0 0 0 0
16 8 0 0 0 0 0 2 0 0
25 10 0 0 6 1 0 0 0 0
fn=BSTree_delete
147 430 0 0 122 0 0 0 0 0
156 309 1 1 103 0 0 0 0 0
157 198 0 0 99 0 0 0 0 0
158 111 0 0 0 0 0 51 0 0
160 60 0 0 0 0 0 48 0 0
164 12 2 2 2 0 0 4 0 0
167 116 0 0 0 0 0 0 0 0
168 128 0 0 22 0 0 50 0 0
175 232 0 0 116 0 0 116 0 0
176 232 0 0 116 0 0 116 0 0
181 3147 1 1 2098 0 0 1049 0 0
183 2098 0 0 0 0 0 0 0 0
184 1533 0 0 511 0 0 0 0 0
191 538 0 0 0 0 0 0 0 0
192 1305 0 0 435 0 0 0 0 0
199 555 1 1 179 0 0 0 0 0
206 58 0 0 58 0 0 0 0 0
212 81 0 0 27 0 0 0 0 0
223 1025 1 1 0 0 0 615 0 0
224 4 0 0 0 0 0 0 0 0
226 818 0 0 205 0 0 0 0 0
229 206 1 1 0 0 0 0 0 0
230 103 0 0 103 0 0 0 0 0
231 103 0 0 0 0 0 103 0 0
236 1025 0 0 820 0 0 0 0 0
fn=BSTree_destroy
34 4 0 0 0 0 0 2 0 0
35 4 0 0 0 0 0 0 0 0
36 4 0 0 0 0 0 2 0 0
37 4 0 0 0 0 0 0 0 0
39 2 0 0 2 0 0 0 0 0
fn=BSTree_get
90 47859 1 1 31906 0 0 15953 0 0
92 31906 0 0 0 0 0 0 0 0
94 13500 0 0 0 0 0 0 0 0
95 23187 0 0 7729 0 0 0 0 0
101 17313 0 0 5771 0 0 0 0 0
110 12280 1 1 0 0 0 7368 0 0
111 9823 0 0 2456 0 0 0 0 0
112 3 0 0 0 0 0 0 0 0
115 2453 0 0 2453 0 0 0 0 0
117 9824 0 0 9824 0 0 0 0 0
fn=BSTree_set
43 410 2 2 0 0 0 103 0 0
44 709 0 0 0 0 0 0 0 0
45 103 0 0 0 0 0 103 0 0
46 103 0 0 0 0 0 103 0 0
47 103 0 0 0 0 0 103 0 0
56 1812 0 0 1208 0 0 604 0 0
58 1208 1 1 0 0 0 0 0 0
59 999 0 0 333 0 0 0 0 0
62 47 0 0 0 0 0 47 0 0
65 813 0 0 271 0 0 0 0 0
68 54 0 0 0 0 0 54 0 0
74 824 1 1 0 0 0 412 0 0
75 311 0 0 103 0 0 0 0 0
77 2 0 0 0 0 0 2 0 0
83 105 0 0 0 0 0 0 0 0
86 618 0 0 515 0 0 0 0 0
fn=BSTree_traverse
123 6 0 0 2 0 0 0 0 0
124 2 0 0 0 0 0 2 0 0
125 4 0 0 0 0 0 0 0 0
128 3 0 0 1 0 0 0 0 0
133 3 1 1 0 0 0 0 0 0
137 16 2 1 0 0 0 8 0 0
138 12 0 0 4 0 0 0 0 0
142 2 0 0 0 0 0 0 0 0
143 15 0 0 11 0 0 0 0 0
fn=BSTree_traverse_nodes
120 18 1 1 0 0 0 12 0 0
123 12 0 0 4 0 0 0 0 0
125 4 0 0 0 0 0 0 0 0
128 12 1 1 4 0 0 0 0 0
133 12 2 2 0 0 0 2 0 0
134 14 1 1 12 0 0 0 0 0
fn=default_compare
8 17606 1 1 0 0 0 0 0 0
fl=/home/cicopr/c_in_y/ex40/liblcthw/src/bstrlib.c
fn=bdestroy
996 800 1 1 0 0 0 400 0 0
997 2400 1 1 400 0 0 0 0 0
998 200 0 0 200 0 0 0 0 0
999 200 0 0 0 0 0 0 0 0
1001 200 0 0 0 0 0 200 0 0
1006 200 0 0 0 0 0 200 0 0
1007 200 0 0 0 0 0 200 0 0
1008 200 0 0 0 0 0 200 0 0
1010 400 0 0 0 0 0 200 0 0
1011 200 0 0 0 0 0 0 0 0
1012 1000 1 1 600 0 0 0 0 0
fn=bformat
2886 2600 2 2 0 0 0 1800 0 0
2891 400 1 1 0 0 0 0 0 0
2897 1600 2 2 0 0 0 200 0 0
2898 1200 1 1 0 0 0 200 0 0
2904 1200 1 1 0 0 0 800 0 0
2905 400 0 0 0 0 0 0 0 0
2908 600 0 0 200 0 0 200 0 0
2909 600 0 0 200 0 0 400 0 0
2911 400 0 0 0 0 0 0 0 0
2922 1400 0 0 1000 0 0 0 0 0
fn=bfromcstralloc
215 1600 2 2 0 0 0 1000 0 0
220 400 0 0 0 0 0 0 0 0
221 600 0 0 0 0 0 200 0 0
222 1400 1 1 0 0 0 200 0 0
223 600 0 0 0 0 0 0 0 0
225 600 0 0 0 0 0 200 0 0
226 400 0 0 0 0 0 0 0 0
227 600 0 0 0 0 0 200 0 0
230 1200 0 0 0 0 0 600 0 0
235 200 0 0 0 0 0 0 0 0
237 1600 0 0 1200 0 0 0 0 0
fn=bstrcmp
883 33272 0 0 0 0 0 17606 0 0
886 211272 2 2 35212 1 1 0 0 0
887 70424 0 0 35212 0 0 0 0 0
889 126674 1 1 0 0 0 0 0 0
890 12856 1 1 0 0 0 0 0 0
892 51016 0 0 0 0 0 0 0 0
893 76524 0 0 51016 2 2 0 0 0
894 53641 0 0 0 0 0 0 0 0
895 20916 0 0 0 0 0 0 0 0
901 35212 0 0 35212 0 0 0 0 0
fn=snapUpSize
72 400 1 1 0 0 0 0 0 0
73 200 0 0 0 0 0 0 0 0
93 200 0 0 200 0 0 0 0 0
fl=/home/cicopr/c_in_y/ex40/liblcthw/tests/bstree_tests.c
fn=all_tests
152 3 1 1 0 0 0 2 0 0
155 7 1 1 3 0 0 1 0 0
156 5 0 0 1 0 0 1 0 0
157 5 0 0 1 0 0 1 0 0
158 5 1 1 1 0 0 1 0 0
159 5 1 1 1 0 0 1 0 0
160 4 0 0 1 1 0 1 0 0
163 4 0 0 3 0 0 0 0 0
fn=main
165 12 1 1 0 0 0 3 0 0
fn=test_create
37 1 1 1 0 0 0 0 0 0
38 5 0 0 1 1 0 2 1 1
39 2 0 0 0 0 0 0 0 0
41 1 0 0 0 0 0 0 0 0
42 2 1 1 1 1 0 0 0 0
fn=test_delete
86 3 1 1 0 0 0 2 0 0
87 5 1 1 3 0 0 1 0 0
88 2 0 0 0 0 0 0 0 0
89 2 0 0 1 0 0 0 0 0
90 3 1 1 1 0 0 1 0 0
91 2 0 0 0 0 0 0 0 0
93 3 1 1 1 0 0 1 0 0
94 2 0 0 0 0 0 0 0 0
96 4 1 1 2 0 0 1 0 0
97 2 0 0 0 0 0 0 0 0
98 2 0 0 1 0 0 0 0 0
99 3 1 1 1 0 0 1 0 0
100 2 0 0 0 0 0 0 0 0
102 4 1 1 2 0 0 1 0 0
103 2 0 0 0 0 0 0 0 0
104 2 0 0 1 0 0 0 0 0
105 3 2 2 1 0 0 1 0 0
106 2 0 0 0 0 0 0 0 0
109 4 1 1 1 0 0 1 0 0
110 2 0 0 0 0 0 0 0 0
112 1 0 0 0 0 0 0 0 0
113 4 1 1 3 0 0 0 0 0
fn=test_destroy
45 1 0 0 0 0 0 0 0 0
46 3 0 0 2 0 0 1 0 0
49 3 0 0 1 0 0 0 0 0
fn=test_fuzzing
115 200 0 0 0 0 0 0 0 0
116 7 2 2 0 0 0 6 0 0
117 3 0 0 0 0 0 1 0 0
120 105 0 0 0 0 0 100 10 0
121 104 0 0 0 0 0 100 0 0
122 6 0 0 0 0 0 2 0 0
124 400 0 0 99 0 0 1 0 0
125 200 1 1 0 0 0 100 0 0
126 600 0 0 0 0 0 200 1 0
127 500 0 0 0 0 0 200 1 0
128 500 1 1 0 0 0 100 0 0
131 102 0 0 51 0 0 0 0 0
132 600 0 0 200 0 0 200 0 0
133 500 1 1 200 0 0 100 0 0
135 500 0 0 100 0 0 100 0 0
137 7801 0 0 0 0 0 100 0 0
138 9800 1 1 2450 0 0 2450 0 0
139 4900 0 0 2450 0 0 0 0 0
142 200 1 1 100 0 0 100 0 0
143 300 1 1 200 0 0 100 0 0
146 2 0 0 0 0 0 1 0 0
148 2 0 0 0 0 0 0 0 0
149 8 1 1 7 0 0 0 0 0
fn=test_get_set
52 4 1 1 0 0 0 3 0 0
53 7 0 0 4 1 0 1 0 0
54 2 0 0 0 0 0 0 0 0
55 3 1 1 1 0 0 1 0 0
56 2 0 0 0 0 0 0 0 0
58 5 1 1 3 0 0 1 0 0
59 2 0 0 0 0 0 0 0 0
60 3 1 1 1 0 0 1 0 0
63 6 0 0 3 0 0 1 0 0
64 2 0 0 0 0 0 0 0 0
65 3 1 1 1 0 0 1 0 0
66 2 0 0 0 0 0 0 0 0
68 2 1 1 0 0 0 0 0 0
69 5 0 0 4 0 0 0 0 0
fn=test_traverse
72 2 0 0 0 0 0 1 0 0
73 4 0 0 2 0 0 1 0 0
74 2 0 0 0 0 0 0 0 0
75 2 1 1 1 0 0 0 0 0
77 1 0 0 0 0 0 1 0 0
78 3 1 1 1 0 0 1 0 0
79 2 0 0 0 0 0 0 0 0
80 2 0 0 1 0 0 0 0 0
82 1 1 1 0 0 0 0 0 0
83 3 0 0 2 0 0 0 0 0
fn=traverse_fail_cb
25 2 0 0 0 0 0 0 0 0
26 10 1 1 4 0 0 0 0 0
27 6 0 0 2 0 0 2 0 0
30 6 0 0 0 0 0 0 0 0
34 4 0 0 2 0 0 0 0 0
fn=traverse_good_cb
18 3 1 1 0 0 0 0 0 0
19 15 0 0 6 0 0 0 0 0
20 3 0 0 3 0 0 0 0 0
22 9 0 0 3 0 0 0 0 0
fl=/home/cicopr/c_in_y/valgrind-3.8.1/coregrind/m_trampoline.S
fn=vgPlain_amd64_linux_REDIR_FOR_vtime
186 1 1 1 0 0 0 0 0 0
187 1 0 0 0 0 0 0 0 0
188 1 0 0 1 0 0 0 0 0
fl=/usr/include/x86_64-linux-gnu/bits/stdio2.h
fn=all_tests
98 60 3 3 6 1 0 12 0 0
fn=bformat
78 1400 0 0 200 0 0 200 0 0
fn=main
98 11 1 1 3 0 0 2 0 0
105 14 1 1 3 0 0 3 0 0
fn=traverse_fail_cb
98 20 0 0 4 0 0 4 0 0
fn=traverse_good_cb
98 30 1 1 6 0 0 6 0 0
fl=/usr/include/x86_64-linux-gnu/bits/string3.h
fn=bfromcstralloc
52 600 1 1 0 0 0 200 0 0
fl=???
fn=???
0 2804 33 26 2674 14 1 60 1 1
fn=__libc_csu_init
0 25 3 3 7 0 0 7 0 0
summary: 1482102 1097 1051 352902 2582 1983 123135 915 812
